#FORMAT=WebAnno TSV 3.2
#T_SP=webanno.custom.Referent|entity|infstat
#T_RL=webanno.custom.Coref|type|BT_webanno.custom.Referent


#Text=Lady of the Dunes
1-1	0-4	Lady	person[1]	new[1]	coref	2-6[3_1]
1-2	5-7	of	person[1]	new[1]	_	_
1-3	8-11	the	person[1]|organization[2]	new[1]|new[2]	coref	2-9[4_2]
1-4	12-17	Dunes	person[1]|organization[2]	new[1]|new[2]	_	_

#Text=Not to be confused with The Woman in the Dunes .
2-1	18-21	Not	_	_	_	_
2-2	22-24	to	_	_	_	_
2-3	25-27	be	_	_	_	_
2-4	28-36	confused	_	_	_	_
2-5	37-41	with	_	_	_	_
2-6	42-45	The	person[3]	giv[3]	coref	3-1[5_3]
2-7	46-51	Woman	person[3]	giv[3]	_	_
2-8	52-54	in	person[3]	giv[3]	_	_
2-9	55-58	the	person[3]|organization[4]	giv[3]|giv[4]	coref	3-3[6_4]
2-10	59-64	Dunes	person[3]|organization[4]	giv[3]|giv[4]	_	_
2-11	65-66	.	_	_	_	_

#Text=Lady of the Dunes ( also known as Lady in the Dunes ) is the nickname for an unidentified woman discovered on July 26 , 1974 in the Race Point Dunes , Provincetown , Massachusetts . [ 2 ] [ 3 ]
3-1	67-71	Lady	person[5]	giv[5]	coref	3-18[9_5]
3-2	72-74	of	person[5]	giv[5]	_	_
3-3	75-78	the	person[5]|organization[6]	giv[5]|giv[6]	coref	3-11[7_6]
3-4	79-84	Dunes	person[5]|organization[6]	giv[5]|giv[6]	_	_
3-5	85-86	(	_	_	_	_
3-6	87-91	also	_	_	_	_
3-7	92-97	known	_	_	_	_
3-8	98-100	as	_	_	_	_
3-9	101-105	Lady	_	_	_	_
3-10	106-108	in	_	_	_	_
3-11	109-112	the	organization[7]	giv[7]	coref	3-28[13_7]
3-12	113-118	Dunes	organization[7]	giv[7]	_	_
3-13	119-120	)	_	_	_	_
3-14	121-123	is	_	_	_	_
3-15	124-127	the	abstract[8]	new[8]	_	_
3-16	128-136	nickname	abstract[8]	new[8]	_	_
3-17	137-140	for	abstract[8]	new[8]	_	_
3-18	141-143	an	abstract[8]|person[9]	new[8]|giv[9]	ana	4-1[0_9]
3-19	144-156	unidentified	abstract[8]|person[9]	new[8]|giv[9]	_	_
3-20	157-162	woman	abstract[8]|person[9]	new[8]|giv[9]	_	_
3-21	163-173	discovered	_	_	_	_
3-22	174-176	on	_	_	_	_
3-23	177-181	July	time|time[11]	new|new[11]	coref|coref	8-9|8-9[46_11]
3-24	182-184	26	time[11]	new[11]	_	_
3-25	185-186	,	time[11]	new[11]	_	_
3-26	187-191	1974	time[11]|time	new[11]|new	coref	8-12
3-27	192-194	in	_	_	_	_
3-28	195-198	the	organization[13]	giv[13]	coref	47-10[282_13]
3-29	199-203	Race	organization[13]	giv[13]	_	_
3-30	204-209	Point	organization[13]	giv[13]	_	_
3-31	210-215	Dunes	organization[13]	giv[13]	_	_
3-32	216-217	,	_	_	_	_
3-33	218-230	Provincetown	place[14]	new[14]	coref	53-20[0_14]
3-34	231-232	,	place[14]	new[14]	_	_
3-35	233-246	Massachusetts	place[14]|place	new[14]|new	coref	39-19
3-36	247-248	.	_	_	_	_
3-37	249-250	[	_	_	_	_
3-38	251-252	2	abstract	new	_	_
3-39	253-254	]	_	_	_	_
3-40	255-256	[	_	_	_	_
3-41	257-258	3	abstract	new	coref	14-18
3-42	259-260	]	_	_	_	_

#Text=Her body was exhumed in 1980 , 2000 , and 2013 [ 4 ] in efforts to identify her and her murderer ; to date , these efforts have been unsuccessful . [ 5 ] [ 6 ] [ 7 ]
4-1	261-264	Her	person|object[19]	giv|new[19]	ana|coref	4-19|7-1[39_19]
4-2	265-269	body	object[19]	new[19]	_	_
4-3	270-273	was	_	_	_	_
4-4	274-281	exhumed	_	_	_	_
4-5	282-284	in	_	_	_	_
4-6	285-289	1980	time[20]	new[20]	coref	35-6[0_20]
4-7	290-291	,	time[20]	new[20]	_	_
4-8	292-296	2000	time[20]|time	new[20]|new	coref	71-3
4-9	297-298	,	_	_	_	_
4-10	299-302	and	_	_	_	_
4-11	303-307	2013	time	new	_	_
4-12	308-309	[	_	_	_	_
4-13	310-311	4	abstract	new	_	_
4-14	312-313	]	_	_	_	_
4-15	314-316	in	_	_	_	_
4-16	317-324	efforts	event	new	coref	4-27[29_0]
4-17	325-327	to	_	_	_	_
4-18	328-336	identify	_	_	_	_
4-19	337-340	her	person|person[27]	giv|new[27]	ana|coref	4-21|13-14[80_27]
4-20	341-344	and	person[27]	new[27]	_	_
4-21	345-348	her	person|person[27]	giv|new[27]	coref	8-6[43_0]
4-22	349-357	murderer	person[27]	new[27]	_	_
4-23	358-359	;	_	_	_	_
4-24	360-362	to	_	_	_	_
4-25	363-367	date	time	new	_	_
4-26	368-369	,	_	_	_	_
4-27	370-375	these	event[29]	giv[29]	_	_
4-28	376-383	efforts	event[29]	giv[29]	_	_
4-29	384-388	have	_	_	_	_
4-30	389-393	been	_	_	_	_
4-31	394-406	unsuccessful	_	_	_	_
4-32	407-408	.	_	_	_	_
4-33	409-410	[	_	_	_	_
4-34	411-412	5	abstract	new	_	_
4-35	413-414	]	_	_	_	_
4-36	415-416	[	_	_	_	_
4-37	417-418	6	quantity	new	_	_
4-38	419-420	]	_	_	_	_
4-39	421-422	[	_	_	_	_
4-40	423-424	7	abstract	new	coref	25-16
4-41	425-426	]	_	_	_	_

#Text=The case was featured on the television series Haunting Evidence in 2006 . [ 8 ]
5-1	427-430	The	event[33]	new[33]	_	_
5-2	431-435	case	event[33]	new[33]	_	_
5-3	436-439	was	_	_	_	_
5-4	440-448	featured	_	_	_	_
5-5	449-451	on	_	_	_	_
5-6	452-455	the	abstract[34]	new[34]	appos	5-9[35_34]
5-7	456-466	television	abstract[34]	new[34]	_	_
5-8	467-473	series	abstract[34]	new[34]	_	_
5-9	474-482	Haunting	abstract[35]	giv[35]	_	_
5-10	483-491	Evidence	abstract[35]	giv[35]	_	_
5-11	492-494	in	_	_	_	_
5-12	495-499	2006	time	new	coref	30-11
5-13	500-501	.	_	_	_	_
5-14	502-503	[	_	_	_	_
5-15	504-505	8	abstract	new	_	_
5-16	506-507	]	_	_	_	_

#Text=Discovery
6-1	508-517	Discovery	event	new	coref	7-7[41_0]

#Text=The body of the victim upon her discovery
7-1	518-521	The	object[39]	giv[39]	coref	8-5[44_39]
7-2	522-526	body	object[39]	giv[39]	_	_
7-3	527-529	of	object[39]	giv[39]	_	_
7-4	530-533	the	object[39]|person[40]	giv[39]|new[40]	coref	12-1[71_40]
7-5	534-540	victim	object[39]|person[40]	giv[39]|new[40]	_	_
7-6	541-545	upon	object[39]|person[40]	giv[39]|new[40]	_	_
7-7	546-549	her	object[39]|person[40]|event[41]	giv[39]|new[40]|giv[41]	_	_
7-8	550-559	discovery	object[39]|person[40]|event[41]	giv[39]|new[40]|giv[41]	_	_

#Text=A teenage girl found the woman 's body July 26 , 1974 . [ 9 ] [ 10 ] [ 11 ]
8-1	560-561	A	person[42]	new[42]	_	_
8-2	562-569	teenage	person[42]	new[42]	_	_
8-3	570-574	girl	person[42]	new[42]	_	_
8-4	575-580	found	_	_	_	_
8-5	581-584	the	object[44]	giv[44]	coref	10-7[60_44]
8-6	585-590	woman	person[43]|object[44]	giv[43]|giv[44]	coref	11-1[66_43]
8-7	591-593	's	person[43]|object[44]	giv[43]|giv[44]	_	_
8-8	594-598	body	object[44]	giv[44]	_	_
8-9	599-603	July	time|time[46]	giv|giv[46]	coref|coref	44-21[0_46]|50-12
8-10	604-606	26	time[46]	giv[46]	_	_
8-11	607-608	,	time[46]	giv[46]	_	_
8-12	609-613	1974	time[46]|time	giv[46]|giv	coref	41-20
8-13	614-615	.	_	_	_	_
8-14	616-617	[	_	_	_	_
8-15	618-619	9	abstract	new	coref	9-21
8-16	620-621	]	_	_	_	_
8-17	622-623	[	_	_	_	_
8-18	624-626	10	abstract	new	coref	22-21
8-19	627-628	]	_	_	_	_
8-20	629-630	[	_	_	_	_
8-21	631-633	11	abstract	new	coref	10-25
8-22	634-635	]	_	_	_	_

#Text=The remains were just yards away from a road , and had a significant amount of insect activity . [ 9 ]
9-1	636-639	The	place[51]	new[51]	coref	9-4[52_51]
9-2	640-647	remains	place[51]	new[51]	_	_
9-3	648-652	were	_	_	_	_
9-4	653-657	just	place[52]	giv[52]	coref	10-15[63_52]
9-5	658-663	yards	place[52]	giv[52]	_	_
9-6	664-668	away	place[52]	giv[52]	_	_
9-7	669-673	from	place[52]	giv[52]	_	_
9-8	674-675	a	place[52]|place[53]	giv[52]|new[53]	_	_
9-9	676-680	road	place[52]|place[53]	giv[52]|new[53]	_	_
9-10	681-682	,	_	_	_	_
9-11	683-686	and	_	_	_	_
9-12	687-690	had	_	_	_	_
9-13	691-692	a	abstract[54]	new[54]	_	_
9-14	693-704	significant	abstract[54]	new[54]	_	_
9-15	705-711	amount	abstract[54]	new[54]	_	_
9-16	712-714	of	abstract[54]	new[54]	_	_
9-17	715-721	insect	abstract[54]|animal|abstract[56]	new[54]|new|new[56]	_	_
9-18	722-730	activity	abstract[54]|abstract[56]	new[54]|new[56]	_	_
9-19	731-732	.	_	_	_	_
9-20	733-734	[	_	_	_	_
9-21	735-736	9	abstract	giv	coref	28-28
9-22	737-738	]	_	_	_	_

#Text=Two sets of footprints led to the body , and tire tracks were found 50 yards ( 46m ) from the scene . [ 11 ]
10-1	739-742	Two	object[58]	new[58]	_	_
10-2	743-747	sets	object[58]	new[58]	_	_
10-3	748-750	of	object[58]	new[58]	_	_
10-4	751-761	footprints	object[58]|object	new[58]|new	_	_
10-5	762-765	led	_	_	_	_
10-6	766-768	to	_	_	_	_
10-7	769-772	the	object[60]	giv[60]	coref	11-9[69_60]
10-8	773-777	body	object[60]	giv[60]	_	_
10-9	778-779	,	_	_	_	_
10-10	780-783	and	_	_	_	_
10-11	784-788	tire	place|object[62]	new|new[62]	_	_
10-12	789-795	tracks	object[62]	new[62]	_	_
10-13	796-800	were	_	_	_	_
10-14	801-806	found	_	_	_	_
10-15	807-809	50	place[63]	giv[63]	_	_
10-16	810-815	yards	place[63]	giv[63]	_	_
10-17	816-817	(	place[63]	giv[63]	_	_
10-18	818-821	46m	place[63]	giv[63]	_	_
10-19	822-823	)	place[63]	giv[63]	_	_
10-20	824-828	from	_	_	_	_
10-21	829-832	the	place[64]	new[64]	_	_
10-22	833-838	scene	place[64]	new[64]	_	_
10-23	839-840	.	_	_	_	_
10-24	841-842	[	_	_	_	_
10-25	843-845	11	abstract	giv	coref	27-15
10-26	846-847	]	_	_	_	_

#Text=The woman may have died two weeks before her body was found . [ 12 ]
11-1	848-851	The	person[66]	giv[66]	ana	11-9[0_66]
11-2	852-857	woman	person[66]	giv[66]	_	_
11-3	858-861	may	_	_	_	_
11-4	862-866	have	_	_	_	_
11-5	867-871	died	_	_	_	_
11-6	872-875	two	time[67]	new[67]	_	_
11-7	876-881	weeks	time[67]	new[67]	_	_
11-8	882-888	before	_	_	_	_
11-9	889-892	her	person|object[69]	giv|giv[69]	coref	17-3[101_0]
11-10	893-897	body	object[69]	giv[69]	_	_
11-11	898-901	was	_	_	_	_
11-12	902-907	found	_	_	_	_
11-13	908-909	.	_	_	_	_
11-14	910-911	[	_	_	_	_
11-15	912-914	12	abstract	new	_	_
11-16	915-916	]	_	_	_	_

#Text=The victim was face-down on half of a beach blanket .
12-1	917-920	The	person[71]	giv[71]	ana	13-11[0_71]
12-2	921-927	victim	person[71]	giv[71]	_	_
12-3	928-931	was	_	_	_	_
12-4	932-941	face-down	_	_	_	_
12-5	942-944	on	_	_	_	_
12-6	945-949	half	object[72]	new[72]	_	_
12-7	950-952	of	object[72]	new[72]	_	_
12-8	953-954	a	object[72]|object[74]	new[72]|new[74]	coref	32-8[190_74]
12-9	955-960	beach	object[72]|place|object[74]	new[72]|new|new[74]	coref	32-8
12-10	961-968	blanket	object[72]|object[74]	new[72]|new[74]	_	_
12-11	969-970	.	_	_	_	_

#Text=There was no sign of a struggle ; police theorized she either knew her killer or had been asleep when she died .
13-1	971-976	There	_	_	_	_
13-2	977-980	was	_	_	_	_
13-3	981-983	no	abstract[75]	new[75]	_	_
13-4	984-988	sign	abstract[75]	new[75]	_	_
13-5	989-991	of	abstract[75]	new[75]	_	_
13-6	992-993	a	abstract[75]|event[76]	new[75]|new[76]	_	_
13-7	994-1002	struggle	abstract[75]|event[76]	new[75]|new[76]	_	_
13-8	1003-1004	;	_	_	_	_
13-9	1005-1011	police	organization	new	coref	17-1
13-10	1012-1021	theorized	_	_	_	_
13-11	1022-1025	she	person	giv	ana	13-14
13-12	1026-1032	either	_	_	_	_
13-13	1033-1037	knew	_	_	_	_
13-14	1038-1041	her	person|person[80]	giv|giv[80]	ana|coref	13-21|26-13[157_80]
13-15	1042-1048	killer	person[80]	giv[80]	_	_
13-16	1049-1051	or	_	_	_	_
13-17	1052-1055	had	_	_	_	_
13-18	1056-1060	been	_	_	_	_
13-19	1061-1067	asleep	_	_	_	_
13-20	1068-1072	when	_	_	_	_
13-21	1073-1076	she	person	giv	ana	14-11
13-22	1077-1081	died	_	_	_	_
13-23	1082-1083	.	_	_	_	_

#Text=A blue bandanna and pair of Wrangler jeans were under her head . [ 13 ] [ 3 ] [ 14 ] [ 15 ]
14-1	1084-1085	A	object[82]	new[82]	coref	33-11[0_82]
14-2	1086-1090	blue	object[82]	new[82]	_	_
14-3	1091-1099	bandanna	object[82]	new[82]	_	_
14-4	1100-1103	and	_	_	_	_
14-5	1104-1108	pair	object[83]	new[83]	_	_
14-6	1109-1111	of	object[83]	new[83]	_	_
14-7	1112-1120	Wrangler	object[83]|person|object[85]	new[83]|new|new[85]	coref	33-8[193_85]
14-8	1121-1126	jeans	object[83]|object[85]	new[83]|new[85]	_	_
14-9	1127-1131	were	_	_	_	_
14-10	1132-1137	under	_	_	_	_
14-11	1138-1141	her	person|object[87]	giv|new[87]	ana|coref	15-1|23-14[138_87]
14-12	1142-1146	head	object[87]	new[87]	_	_
14-13	1147-1148	.	_	_	_	_
14-14	1149-1150	[	_	_	_	_
14-15	1151-1153	13	abstract	new	coref	19-10
14-16	1154-1155	]	_	_	_	_
14-17	1156-1157	[	_	_	_	_
14-18	1158-1159	3	abstract	giv	coref	19-13
14-19	1160-1161	]	_	_	_	_
14-20	1162-1163	[	_	_	_	_
14-21	1164-1166	14	quantity	new	_	_
14-22	1167-1168	]	_	_	_	_
14-23	1169-1170	[	_	_	_	_
14-24	1171-1173	15	abstract	new	coref	44-18
14-25	1174-1175	]	_	_	_	_

#Text=She had long auburn or red hair , pulled back into a ponytail with a gold-flecked elastic band .
15-1	1176-1179	She	person	giv	ana	16-1
15-2	1180-1183	had	_	_	_	_
15-3	1184-1188	long	object[93]	new[93]	_	_
15-4	1189-1195	auburn	object[93]	new[93]	_	_
15-5	1196-1198	or	object[93]	new[93]	_	_
15-6	1199-1202	red	object[93]	new[93]	_	_
15-7	1203-1207	hair	object[93]	new[93]	_	_
15-8	1208-1209	,	_	_	_	_
15-9	1210-1216	pulled	_	_	_	_
15-10	1217-1221	back	_	_	_	_
15-11	1222-1226	into	_	_	_	_
15-12	1227-1228	a	object[94]	new[94]	coref	33-15[0_94]
15-13	1229-1237	ponytail	object[94]	new[94]	_	_
15-14	1238-1242	with	_	_	_	_
15-15	1243-1244	a	object[96]	new[96]	_	_
15-16	1245-1257	gold-flecked	object[96]	new[96]	_	_
15-17	1258-1265	elastic	substance|object[96]	new|new[96]	_	_
15-18	1266-1270	band	object[96]	new[96]	_	_
15-19	1271-1272	.	_	_	_	_

#Text=Her toenails were painted pink .
16-1	1273-1276	Her	person|abstract[98]	giv|new[98]	coref|ana	16-4[99_98]|18-1
16-2	1277-1285	toenails	abstract[98]	new[98]	_	_
16-3	1286-1290	were	_	_	_	_
16-4	1291-1298	painted	abstract[99]	giv[99]	_	_
16-5	1299-1303	pink	abstract[99]	giv[99]	_	_
16-6	1304-1305	.	_	_	_	_

#Text=Police determined the woman was approximately 5feet 6inches ( 168cm ) tall ( initially believed to have been 5'8 " [ 16 ] ) , weighed 145 pounds ( 66kg ) , and had an athletic build . [ 17 ] [ 18 ]
17-1	1306-1312	Police	organization	giv	coref	31-1
17-2	1313-1323	determined	_	_	_	_
17-3	1324-1327	the	quantity[101]	giv[101]	coref	17-6[102_101]
17-4	1328-1333	woman	quantity[101]	giv[101]	_	_
17-5	1334-1337	was	_	_	_	_
17-6	1338-1351	approximately	quantity[102]	giv[102]	coref	23-1[134_102]
17-7	1352-1357	5feet	quantity[102]	giv[102]	_	_
17-8	1358-1365	6inches	quantity[102]	giv[102]	_	_
17-9	1366-1367	(	quantity[102]	giv[102]	_	_
17-10	1368-1373	168cm	quantity[102]	giv[102]	_	_
17-11	1374-1375	)	quantity[102]	giv[102]	_	_
17-12	1376-1380	tall	_	_	_	_
17-13	1381-1382	(	_	_	_	_
17-14	1383-1392	initially	_	_	_	_
17-15	1393-1401	believed	_	_	_	_
17-16	1402-1404	to	_	_	_	_
17-17	1405-1409	have	_	_	_	_
17-18	1410-1414	been	_	_	_	_
17-19	1415-1418	5'8	abstract	new	_	_
17-20	1419-1420	"	_	_	_	_
17-21	1421-1422	[	_	_	_	_
17-22	1423-1425	16	abstract	new	coref	19-16
17-23	1426-1427	]	_	_	_	_
17-24	1428-1429	)	_	_	_	_
17-25	1430-1431	,	_	_	_	_
17-26	1432-1439	weighed	_	_	_	_
17-27	1440-1443	145	quantity[105]	new[105]	_	_
17-28	1444-1450	pounds	quantity[105]	new[105]	_	_
17-29	1451-1452	(	quantity[105]	new[105]	_	_
17-30	1453-1457	66kg	quantity[105]	new[105]	_	_
17-31	1458-1459	)	quantity[105]	new[105]	_	_
17-32	1460-1461	,	_	_	_	_
17-33	1462-1465	and	_	_	_	_
17-34	1466-1469	had	_	_	_	_
17-35	1470-1472	an	abstract[106]	new[106]	_	_
17-36	1473-1481	athletic	abstract[106]	new[106]	_	_
17-37	1482-1487	build	abstract[106]	new[106]	_	_
17-38	1488-1489	.	_	_	_	_
17-39	1490-1491	[	_	_	_	_
17-40	1492-1494	17	abstract	new	_	_
17-41	1495-1496	]	_	_	_	_
17-42	1497-1498	[	_	_	_	_
17-43	1499-1501	18	abstract	new	_	_
17-44	1502-1503	]	_	_	_	_

#Text=She also had dental work – including crowns – worth $5,000-$ 10,000 ; dentists call it the " New York style " of dental work .
18-1	1504-1507	She	person	giv	ana	19-3
18-2	1508-1512	also	_	_	_	_
18-3	1513-1516	had	_	_	_	_
18-4	1517-1523	dental	abstract[110]	new[110]	ana	18-16[0_110]
18-5	1524-1528	work	abstract[110]	new[110]	_	_
18-6	1529-1530	–	abstract[110]	new[110]	_	_
18-7	1531-1540	including	abstract[110]	new[110]	_	_
18-8	1541-1547	crowns	abstract[110]|object	new[110]|new	_	_
18-9	1548-1549	–	_	_	_	_
18-10	1550-1555	worth	_	_	_	_
18-11	1556-1564	$5,000-$	_	_	_	_
18-12	1565-1571	10,000	_	_	_	_
18-13	1572-1573	;	_	_	_	_
18-14	1574-1582	dentists	person	new	_	_
18-15	1583-1587	call	_	_	_	_
18-16	1588-1590	it	place	giv	coref	18-24[116_0]
18-17	1591-1594	the	abstract[115]	new[115]	_	_
18-18	1595-1596	"	abstract[115]	new[115]	_	_
18-19	1597-1600	New	place[114]|abstract[115]	new[114]|new[115]	coref	75-15[457_114]
18-20	1601-1605	York	place[114]|abstract[115]	new[114]|new[115]	_	_
18-21	1606-1611	style	abstract[115]	new[115]	_	_
18-22	1612-1613	"	abstract[115]	new[115]	_	_
18-23	1614-1616	of	abstract[115]	new[115]	_	_
18-24	1617-1623	dental	abstract[115]|abstract[116]	new[115]|giv[116]	coref	31-16[185_116]
18-25	1624-1628	work	abstract[115]|abstract[116]	new[115]|giv[116]	_	_
18-26	1629-1630	.	_	_	_	_

#Text=Several of her teeth had been removed . [ 13 ] [ 3 ] [ 16 ] [ 19 ]
19-1	1631-1638	Several	_	_	_	_
19-2	1639-1641	of	_	_	_	_
19-3	1642-1645	her	person|object[118]	giv|new[118]	ana|coref	21-4|26-4[154_118]
19-4	1646-1651	teeth	object[118]	new[118]	_	_
19-5	1652-1655	had	_	_	_	_
19-6	1656-1660	been	_	_	_	_
19-7	1661-1668	removed	_	_	_	_
19-8	1669-1670	.	_	_	_	_
19-9	1671-1672	[	_	_	_	_
19-10	1673-1675	13	abstract	giv	coref	24-10
19-11	1676-1677	]	_	_	_	_
19-12	1678-1679	[	_	_	_	_
19-13	1680-1681	3	abstract	giv	coref	59-30
19-14	1682-1683	]	_	_	_	_
19-15	1684-1685	[	_	_	_	_
19-16	1686-1688	16	abstract	giv	coref	25-19
19-17	1689-1690	]	_	_	_	_
19-18	1691-1692	[	_	_	_	_
19-19	1693-1695	19	abstract	new	coref	24-13
19-20	1696-1697	]	_	_	_	_

#Text=One hand and one forearm were missing .
20-1	1698-1701	One	object[123]	new[123]	_	_
20-2	1702-1706	hand	object[123]	new[123]	_	_
20-3	1707-1710	and	_	_	_	_
20-4	1711-1714	one	object[124]	new[124]	coref	26-11[0_124]
20-5	1715-1722	forearm	object[124]	new[124]	_	_
20-6	1723-1727	were	_	_	_	_
20-7	1728-1735	missing	_	_	_	_
20-8	1736-1737	.	_	_	_	_

#Text=Most sources say she was between 25 and 40 years old .
21-1	1738-1742	Most	object[125]	new[125]	_	_
21-2	1743-1750	sources	object[125]	new[125]	_	_
21-3	1751-1754	say	_	_	_	_
21-4	1755-1758	she	person	giv	ana	22-3
21-5	1759-1762	was	_	_	_	_
21-6	1763-1770	between	_	_	_	_
21-7	1771-1773	25	quantity[127]	new[127]	coref	42-15[253_127]
21-8	1774-1777	and	quantity[127]	new[127]	_	_
21-9	1778-1780	40	quantity[127]	new[127]	_	_
21-10	1781-1786	years	quantity[127]	new[127]	_	_
21-11	1787-1790	old	_	_	_	_
21-12	1791-1792	.	_	_	_	_

#Text=However , she could have been as young as 20 or as old as 49 . [ 20 ] [ 10 ] [ 21 ]
22-1	1793-1800	However	_	_	_	_
22-2	1801-1802	,	_	_	_	_
22-3	1803-1806	she	person	giv	coref	26-20[158_0]
22-4	1807-1812	could	_	_	_	_
22-5	1813-1817	have	_	_	_	_
22-6	1818-1822	been	_	_	_	_
22-7	1823-1825	as	_	_	_	_
22-8	1826-1831	young	_	_	_	_
22-9	1832-1834	as	_	_	_	_
22-10	1835-1837	20	abstract	new	coref	22-18
22-11	1838-1840	or	_	_	_	_
22-12	1841-1843	as	_	_	_	_
22-13	1844-1847	old	_	_	_	_
22-14	1848-1850	as	_	_	_	_
22-15	1851-1853	49	quantity	new	_	_
22-16	1854-1855	.	_	_	_	_
22-17	1856-1857	[	_	_	_	_
22-18	1858-1860	20	abstract	giv	_	_
22-19	1861-1862	]	_	_	_	_
22-20	1863-1864	[	_	_	_	_
22-21	1865-1867	10	abstract	giv	coref	45-22
22-22	1868-1869	]	_	_	_	_
22-23	1870-1871	[	_	_	_	_
22-24	1872-1874	21	abstract	new	coref	28-31
22-25	1875-1876	]	_	_	_	_

#Text=The woman was nearly decapitated , possibly from strangulation ; one side of her head had been crushed with ( possibly ) a military-entrenching type of tool .
23-1	1877-1880	The	person[134]	giv[134]	ana	23-14[0_134]
23-2	1881-1886	woman	person[134]	giv[134]	_	_
23-3	1887-1890	was	_	_	_	_
23-4	1891-1897	nearly	_	_	_	_
23-5	1898-1909	decapitated	_	_	_	_
23-6	1910-1911	,	_	_	_	_
23-7	1912-1920	possibly	event[135]	new[135]	_	_
23-8	1921-1925	from	event[135]	new[135]	_	_
23-9	1926-1939	strangulation	event[135]	new[135]	_	_
23-10	1940-1941	;	_	_	_	_
23-11	1942-1945	one	object[136]	new[136]	_	_
23-12	1946-1950	side	object[136]	new[136]	_	_
23-13	1951-1953	of	object[136]	new[136]	_	_
23-14	1954-1957	her	object[136]|person|object[138]	new[136]|giv|giv[138]	coref|ana	24-2[0_138]|24-7
23-15	1958-1962	head	object[136]|object[138]	new[136]|giv[138]	_	_
23-16	1963-1966	had	_	_	_	_
23-17	1967-1971	been	_	_	_	_
23-18	1972-1979	crushed	_	_	_	_
23-19	1980-1984	with	_	_	_	_
23-20	1985-1986	(	_	_	_	_
23-21	1987-1995	possibly	_	_	_	_
23-22	1996-1997	)	_	_	_	_
23-23	1998-1999	a	object[139]	new[139]	_	_
23-24	2000-2020	military-entrenching	object[139]	new[139]	_	_
23-25	2021-2025	type	object[139]	new[139]	_	_
23-26	2026-2028	of	object[139]	new[139]	_	_
23-27	2029-2033	tool	object[139]|object	new[139]|new	_	_
23-28	2034-2035	.	_	_	_	_

#Text=This head injury was what killed her . [ 13 ] [ 19 ] [ 22 ]
24-1	2036-2040	This	event[142]	new[142]	_	_
24-2	2041-2045	head	object|event[142]	giv|new[142]	_	_
24-3	2046-2052	injury	event[142]	new[142]	_	_
24-4	2053-2056	was	_	_	_	_
24-5	2057-2061	what	_	_	_	_
24-6	2062-2068	killed	_	_	_	_
24-7	2069-2072	her	person	giv	coref	27-1[162_0]
24-8	2073-2074	.	_	_	_	_
24-9	2075-2076	[	_	_	_	_
24-10	2077-2079	13	abstract	giv	coref	25-13
24-11	2080-2081	]	_	_	_	_
24-12	2082-2083	[	_	_	_	_
24-13	2084-2086	19	abstract	giv	_	_
24-14	2087-2088	]	_	_	_	_
24-15	2089-2090	[	_	_	_	_
24-16	2091-2093	22	abstract	new	_	_
24-17	2094-2095	]	_	_	_	_

#Text=There were also signs of sexual assault , likely postmortem . [ 13 ] [ 7 ] [ 16 ]
25-1	2096-2101	There	_	_	_	_
25-2	2102-2106	were	_	_	_	_
25-3	2107-2111	also	_	_	_	_
25-4	2112-2117	signs	abstract[147]	new[147]	_	_
25-5	2118-2120	of	abstract[147]	new[147]	_	_
25-6	2121-2127	sexual	abstract[147]|abstract[148]	new[147]|new[148]	appos	25-9[149_148]
25-7	2128-2135	assault	abstract[147]|abstract[148]	new[147]|new[148]	_	_
25-8	2136-2137	,	_	_	_	_
25-9	2138-2144	likely	abstract[149]	giv[149]	_	_
25-10	2145-2155	postmortem	abstract[149]	giv[149]	_	_
25-11	2156-2157	.	_	_	_	_
25-12	2158-2159	[	_	_	_	_
25-13	2160-2162	13	abstract	giv	coref	32-15
25-14	2163-2164	]	_	_	_	_
25-15	2165-2166	[	_	_	_	_
25-16	2167-2168	7	abstract	giv	_	_
25-17	2169-2170	]	_	_	_	_
25-18	2171-2172	[	_	_	_	_
25-19	2173-2175	16	abstract	giv	coref	34-16
25-20	2176-2177	]	_	_	_	_

#Text=Some investigators feel the missing teeth , hands , and forearm indicate the killer wanted to hide either the victim 's identity or their own . [ 23 ]
26-1	2178-2182	Some	person[153]	new[153]	ana	26-24[0_153]
26-2	2183-2196	investigators	person[153]	new[153]	_	_
26-3	2197-2201	feel	_	_	_	_
26-4	2202-2205	the	object[154]	giv[154]	_	_
26-5	2206-2213	missing	object[154]	giv[154]	_	_
26-6	2214-2219	teeth	object[154]	giv[154]	_	_
26-7	2220-2221	,	object[154]	giv[154]	_	_
26-8	2222-2227	hands	object[154]|object	giv[154]|new	_	_
26-9	2228-2229	,	_	_	_	_
26-10	2230-2233	and	_	_	_	_
26-11	2234-2241	forearm	object	giv	_	_
26-12	2242-2250	indicate	_	_	_	_
26-13	2251-2254	the	person[157]	giv[157]	_	_
26-14	2255-2261	killer	person[157]	giv[157]	_	_
26-15	2262-2268	wanted	_	_	_	_
26-16	2269-2271	to	_	_	_	_
26-17	2272-2276	hide	_	_	_	_
26-18	2277-2283	either	abstract[159]	new[159]	_	_
26-19	2284-2287	the	abstract[159]	new[159]	_	_
26-20	2288-2294	victim	person[158]|abstract[159]	giv[158]|new[159]	coref	30-4[178_158]
26-21	2295-2297	's	person[158]|abstract[159]	giv[158]|new[159]	_	_
26-22	2298-2306	identity	abstract[159]	new[159]	_	_
26-23	2307-2309	or	_	_	_	_
26-24	2310-2315	their	person	giv	coref	28-6[169_0]
26-25	2316-2319	own	_	_	_	_
26-26	2320-2321	.	_	_	_	_
26-27	2322-2323	[	_	_	_	_
26-28	2324-2326	23	abstract	new	coref	36-13
26-29	2327-2328	]	_	_	_	_

#Text=The woman was buried in October 1974 after the case went cold . [ 11 ]
27-1	2329-2332	The	person[162]	giv[162]	coref	34-6[202_162]
27-2	2333-2338	woman	person[162]	giv[162]	_	_
27-3	2339-2342	was	_	_	_	_
27-4	2343-2349	buried	_	_	_	_
27-5	2350-2352	in	_	_	_	_
27-6	2353-2360	October	time[163]	new[163]	_	_
27-7	2361-2365	1974	time[163]	new[163]	_	_
27-8	2366-2371	after	_	_	_	_
27-9	2372-2375	the	abstract[164]	new[164]	coref	28-7[0_164]
27-10	2376-2380	case	abstract[164]	new[164]	_	_
27-11	2381-2385	went	_	_	_	_
27-12	2386-2390	cold	_	_	_	_
27-13	2391-2392	.	_	_	_	_
27-14	2393-2394	[	_	_	_	_
27-15	2395-2397	11	abstract	giv	coref	33-27
27-16	2398-2399	]	_	_	_	_

#Text=In 2014 , one of the case investigators raised funds for a new casket , because the original thin metal casket was rusted and deteriorated . [ 9 ] [ 21 ]
28-1	2400-2402	In	_	_	_	_
28-2	2403-2407	2014	time	new	_	_
28-3	2408-2409	,	_	_	_	_
28-4	2410-2413	one	person[167]	new[167]	_	_
28-5	2414-2416	of	person[167]	new[167]	_	_
28-6	2417-2420	the	person[167]|person[169]	new[167]|giv[169]	coref	42-1[0_169]
28-7	2421-2425	case	person[167]|abstract|person[169]	new[167]|giv|giv[169]	_	_
28-8	2426-2439	investigators	person[167]|person[169]	new[167]|giv[169]	_	_
28-9	2440-2446	raised	_	_	_	_
28-10	2447-2452	funds	quantity	new	_	_
28-11	2453-2456	for	_	_	_	_
28-12	2457-2458	a	object[171]	new[171]	coref	28-17[173_171]
28-13	2459-2462	new	object[171]	new[171]	_	_
28-14	2463-2469	casket	object[171]	new[171]	_	_
28-15	2470-2471	,	_	_	_	_
28-16	2472-2479	because	_	_	_	_
28-17	2480-2483	the	object[173]	giv[173]	_	_
28-18	2484-2492	original	object[173]	giv[173]	_	_
28-19	2493-2497	thin	object[173]	giv[173]	_	_
28-20	2498-2503	metal	substance|object[173]	new|giv[173]	_	_
28-21	2504-2510	casket	object[173]	giv[173]	_	_
28-22	2511-2514	was	_	_	_	_
28-23	2515-2521	rusted	_	_	_	_
28-24	2522-2525	and	_	_	_	_
28-25	2526-2538	deteriorated	_	_	_	_
28-26	2539-2540	.	_	_	_	_
28-27	2541-2542	[	_	_	_	_
28-28	2543-2544	9	abstract	giv	coref	62-21
28-29	2545-2546	]	_	_	_	_
28-30	2547-2548	[	_	_	_	_
28-31	2549-2551	21	abstract	giv	_	_
28-32	2552-2553	]	_	_	_	_

#Text=Investigation
29-1	2554-2567	Investigation	event	new	_	_

#Text=Other depictions of the victim , created between 1979 and 2006
30-1	2568-2573	Other	object[177]	new[177]	_	_
30-2	2574-2584	depictions	object[177]	new[177]	_	_
30-3	2585-2587	of	object[177]	new[177]	_	_
30-4	2588-2591	the	object[177]|person[178]	new[177]|giv[178]	coref	41-8[244_178]
30-5	2592-2598	victim	object[177]|person[178]	new[177]|giv[178]	_	_
30-6	2599-2600	,	_	_	_	_
30-7	2601-2608	created	_	_	_	_
30-8	2609-2616	between	_	_	_	_
30-9	2617-2621	1979	time	new	coref	34-13
30-10	2622-2625	and	_	_	_	_
30-11	2626-2630	2006	time	giv	_	_

#Text=Police pored through thousands of missing-person cases and a list of approved vehicles driven through the area ; no matches were found .
31-1	2631-2637	Police	organization	giv	coref	40-1
31-2	2638-2643	pored	_	_	_	_
31-3	2644-2651	through	_	_	_	_
31-4	2652-2661	thousands	object[182]	new[182]	coref	49-18[301_182]
31-5	2662-2664	of	object[182]	new[182]	_	_
31-6	2665-2679	missing-person	object[182]	new[182]	_	_
31-7	2680-2685	cases	object[182]	new[182]	_	_
31-8	2686-2689	and	_	_	_	_
31-9	2690-2691	a	object[183]	new[183]	_	_
31-10	2692-2696	list	object[183]	new[183]	_	_
31-11	2697-2699	of	object[183]	new[183]	_	_
31-12	2700-2708	approved	object[183]|object[184]	new[183]|new[184]	_	_
31-13	2709-2717	vehicles	object[183]|object[184]	new[183]|new[184]	_	_
31-14	2718-2724	driven	_	_	_	_
31-15	2725-2732	through	_	_	_	_
31-16	2733-2736	the	place[185]	giv[185]	coref	32-2[187_185]
31-17	2737-2741	area	place[185]	giv[185]	_	_
31-18	2742-2743	;	_	_	_	_
31-19	2744-2746	no	object[186]	new[186]	_	_
31-20	2747-2754	matches	object[186]	new[186]	_	_
31-21	2755-2759	were	_	_	_	_
31-22	2760-2765	found	_	_	_	_
31-23	2766-2767	.	_	_	_	_

#Text=At the scene , the sand and beach blanket were not disturbed . [ 13 ]
32-1	2768-2770	At	_	_	_	_
32-2	2771-2774	the	place[187]	giv[187]	_	_
32-3	2775-2780	scene	place[187]	giv[187]	_	_
32-4	2781-2782	,	_	_	_	_
32-5	2783-2786	the	substance[188]	new[188]	_	_
32-6	2787-2791	sand	substance[188]	new[188]	_	_
32-7	2792-2795	and	_	_	_	_
32-8	2796-2801	beach	place|object[190]	giv|giv[190]	coref	33-13[0_190]
32-9	2802-2809	blanket	object[190]	giv[190]	_	_
32-10	2810-2814	were	_	_	_	_
32-11	2815-2818	not	_	_	_	_
32-12	2819-2828	disturbed	_	_	_	_
32-13	2829-2830	.	_	_	_	_
32-14	2831-2832	[	_	_	_	_
32-15	2833-2835	13	abstract	giv	_	_
32-16	2836-2837	]	_	_	_	_

#Text=No other evidence was found ( besides the jeans , bandanna , blanket and ponytail holder ) despite extensive searches of the surrounding dunes . [ 11 ]
33-1	2838-2840	No	object[192]	new[192]	_	_
33-2	2841-2846	other	object[192]	new[192]	_	_
33-3	2847-2855	evidence	object[192]	new[192]	_	_
33-4	2856-2859	was	_	_	_	_
33-5	2860-2865	found	_	_	_	_
33-6	2866-2867	(	_	_	_	_
33-7	2868-2875	besides	_	_	_	_
33-8	2876-2879	the	object[193]	giv[193]	coref	51-8[0_193]
33-9	2880-2885	jeans	object[193]	giv[193]	_	_
33-10	2886-2887	,	object[193]	giv[193]	_	_
33-11	2888-2896	bandanna	object[193]|object	giv[193]|giv	_	_
33-12	2897-2898	,	object[193]	giv[193]	_	_
33-13	2899-2906	blanket	object[193]|object	giv[193]|giv	_	_
33-14	2907-2910	and	object[193]	giv[193]	_	_
33-15	2911-2919	ponytail	object[193]|object|object[197]	giv[193]|giv|new[197]	_	_
33-16	2920-2926	holder	object[193]|object[197]	giv[193]|new[197]	_	_
33-17	2927-2928	)	_	_	_	_
33-18	2929-2936	despite	_	_	_	_
33-19	2937-2946	extensive	object[198]	new[198]	_	_
33-20	2947-2955	searches	object[198]	new[198]	_	_
33-21	2956-2958	of	object[198]	new[198]	_	_
33-22	2959-2962	the	object[198]|place[199]	new[198]|new[199]	_	_
33-23	2963-2974	surrounding	object[198]|place[199]	new[198]|new[199]	_	_
33-24	2975-2980	dunes	object[198]|place[199]	new[198]|new[199]	_	_
33-25	2981-2982	.	_	_	_	_
33-26	2983-2984	[	_	_	_	_
33-27	2985-2987	11	abstract	giv	_	_
33-28	2988-2989	]	_	_	_	_

#Text=The first facial reconstruction of the woman was created with clay in 1979 . [ 16 ]
34-1	2990-2993	The	place[201]	new[201]	coref	37-30[227_201]
34-2	2994-2999	first	place[201]	new[201]	_	_
34-3	3000-3006	facial	place[201]	new[201]	_	_
34-4	3007-3021	reconstruction	place[201]	new[201]	_	_
34-5	3022-3024	of	place[201]	new[201]	_	_
34-6	3025-3028	the	place[201]|person[202]	new[201]|giv[202]	ana	35-1[0_202]
34-7	3029-3034	woman	place[201]|person[202]	new[201]|giv[202]	_	_
34-8	3035-3038	was	_	_	_	_
34-9	3039-3046	created	_	_	_	_
34-10	3047-3051	with	_	_	_	_
34-11	3052-3056	clay	substance	new	_	_
34-12	3057-3059	in	_	_	_	_
34-13	3060-3064	1979	time	giv	_	_
34-14	3065-3066	.	_	_	_	_
34-15	3067-3068	[	_	_	_	_
34-16	3069-3071	16	abstract	giv	coref	35-28
34-17	3072-3073	]	_	_	_	_

#Text=Her remains were exhumed in 1980 for examination ; no new clues were uncovered ( although the skull was not buried at the time ) . [ 16 ]
35-1	3074-3077	Her	person|object[207]	giv|new[207]	ana	37-5
35-2	3078-3085	remains	object[207]	new[207]	_	_
35-3	3086-3090	were	_	_	_	_
35-4	3091-3098	exhumed	_	_	_	_
35-5	3099-3101	in	_	_	_	_
35-6	3102-3106	1980	time	giv	_	_
35-7	3107-3110	for	_	_	_	_
35-8	3111-3122	examination	event	new	_	_
35-9	3123-3124	;	_	_	_	_
35-10	3125-3127	no	abstract[210]	new[210]	_	_
35-11	3128-3131	new	abstract[210]	new[210]	_	_
35-12	3132-3137	clues	abstract[210]	new[210]	_	_
35-13	3138-3142	were	_	_	_	_
35-14	3143-3152	uncovered	_	_	_	_
35-15	3153-3154	(	_	_	_	_
35-16	3155-3163	although	_	_	_	_
35-17	3164-3167	the	object[211]	new[211]	coref	37-5[221_211]
35-18	3168-3173	skull	object[211]	new[211]	_	_
35-19	3174-3177	was	_	_	_	_
35-20	3178-3181	not	_	_	_	_
35-21	3182-3188	buried	_	_	_	_
35-22	3189-3191	at	_	_	_	_
35-23	3192-3195	the	_	_	_	_
35-24	3196-3200	time	_	_	_	_
35-25	3201-3202	)	_	_	_	_
35-26	3203-3204	.	_	_	_	_
35-27	3205-3206	[	_	_	_	_
35-28	3207-3209	16	abstract	giv	coref	41-23
35-29	3210-3211	]	_	_	_	_

#Text=The body was exhumed again in March 2000 for DNA . [ 23 ] [ 24 ]
36-1	3212-3215	The	object[213]	new[213]	coref	51-15[320_213]
36-2	3216-3220	body	object[213]	new[213]	_	_
36-3	3221-3224	was	_	_	_	_
36-4	3225-3232	exhumed	_	_	_	_
36-5	3233-3238	again	_	_	_	_
36-6	3239-3241	in	_	_	_	_
36-7	3242-3247	March	time[214]	new[214]	_	_
36-8	3248-3252	2000	time[214]	new[214]	_	_
36-9	3253-3256	for	_	_	_	_
36-10	3257-3260	DNA	substance	new	coref	44-3[263_0]
36-11	3261-3262	.	_	_	_	_
36-12	3263-3264	[	_	_	_	_
36-13	3265-3267	23	abstract	giv	coref	43-12
36-14	3268-3269	]	_	_	_	_
36-15	3270-3271	[	_	_	_	_
36-16	3272-3274	24	abstract	new	_	_
36-17	3275-3276	]	_	_	_	_

#Text=In May 2010 , her skull was placed through a CT scanner that generated images that were then used by the National Center for Missing and Exploited Children for another reconstruction . [ 25 ]
37-1	3277-3279	In	_	_	_	_
37-2	3280-3283	May	time[218]	new[218]	_	_
37-3	3284-3288	2010	time[218]|time	new[218]|new	_	_
37-4	3289-3290	,	_	_	_	_
37-5	3291-3294	her	person|object[221]	giv|giv[221]	coref	39-4[231_0]
37-6	3295-3300	skull	object[221]	giv[221]	_	_
37-7	3301-3304	was	_	_	_	_
37-8	3305-3311	placed	_	_	_	_
37-9	3312-3319	through	_	_	_	_
37-10	3320-3321	a	object[223]	new[223]	_	_
37-11	3322-3324	CT	abstract|object[223]	new|new[223]	_	_
37-12	3325-3332	scanner	object[223]	new[223]	_	_
37-13	3333-3337	that	_	_	_	_
37-14	3338-3347	generated	_	_	_	_
37-15	3348-3354	images	object	new	_	_
37-16	3355-3359	that	_	_	_	_
37-17	3360-3364	were	_	_	_	_
37-18	3365-3369	then	_	_	_	_
37-19	3370-3374	used	_	_	_	_
37-20	3375-3377	by	_	_	_	_
37-21	3378-3381	the	person[225]	new[225]	_	_
37-22	3382-3390	National	person[225]	new[225]	_	_
37-23	3391-3397	Center	person[225]	new[225]	_	_
37-24	3398-3401	for	_	_	_	_
37-25	3402-3409	Missing	_	_	_	_
37-26	3410-3413	and	_	_	_	_
37-27	3414-3423	Exploited	_	_	_	_
37-28	3424-3432	Children	person	new	_	_
37-29	3433-3436	for	_	_	_	_
37-30	3437-3444	another	place[227]	giv[227]	_	_
37-31	3445-3459	reconstruction	place[227]	giv[227]	_	_
37-32	3460-3461	.	_	_	_	_
37-33	3462-3463	[	_	_	_	_
37-34	3464-3466	25	abstract	new	_	_
37-35	3467-3468	]	_	_	_	_

#Text=Leads
38-1	3469-3474	Leads	abstract	new	_	_

#Text=In 1987 , a Canadian woman told a friend that she saw her father strangle a woman in Massachusetts around 1972 .
39-1	3475-3477	In	_	_	_	_
39-2	3478-3482	1987	time	new	_	_
39-3	3483-3484	,	_	_	_	_
39-4	3485-3486	a	person[231]	giv[231]	ana	39-11[0_231]
39-5	3487-3495	Canadian	person[231]	giv[231]	_	_
39-6	3496-3501	woman	person[231]	giv[231]	_	_
39-7	3502-3506	told	_	_	_	_
39-8	3507-3508	a	person[232]	new[232]	ana	39-13[0_232]
39-9	3509-3515	friend	person[232]	new[232]	_	_
39-10	3516-3520	that	_	_	_	_
39-11	3521-3524	she	person	giv	coref	39-16[236_0]
39-12	3525-3528	saw	_	_	_	_
39-13	3529-3532	her	person|person[235]	giv|new[235]	_	_
39-14	3533-3539	father	person[235]	new[235]	_	_
39-15	3540-3548	strangle	_	_	_	_
39-16	3549-3550	a	person[236]	giv[236]	coref	40-5[240_236]
39-17	3551-3556	woman	person[236]	giv[236]	_	_
39-18	3557-3559	in	person[236]	giv[236]	_	_
39-19	3560-3573	Massachusetts	person[236]|place	giv[236]|giv	coref	45-14
39-20	3574-3580	around	_	_	_	_
39-21	3581-3585	1972	time	new	_	_
39-22	3586-3587	.	_	_	_	_

#Text=Police attempted to locate the woman but were unsuccessful .
40-1	3588-3594	Police	organization	giv	coref	41-4
40-2	3595-3604	attempted	_	_	_	_
40-3	3605-3607	to	_	_	_	_
40-4	3608-3614	locate	_	_	_	_
40-5	3615-3618	the	person[240]	giv[240]	coref	41-1[241_240]
40-6	3619-3624	woman	person[240]	giv[240]	_	_
40-7	3625-3628	but	_	_	_	_
40-8	3629-3633	were	_	_	_	_
40-9	3634-3646	unsuccessful	_	_	_	_
40-10	3647-3648	.	_	_	_	_

#Text=Another woman told police the reconstruction of the victim looked like her sister , who disappeared in Boston in 1974 . [ 16 ]
41-1	3649-3656	Another	person[241]	giv[241]	coref	44-5[265_241]
41-2	3657-3662	woman	person[241]	giv[241]	_	_
41-3	3663-3667	told	_	_	_	_
41-4	3668-3674	police	organization	giv	coref	48-15
41-5	3675-3678	the	place[243]	new[243]	coref	58-1[347_243]
41-6	3679-3693	reconstruction	place[243]	new[243]	_	_
41-7	3694-3696	of	place[243]	new[243]	_	_
41-8	3697-3700	the	place[243]|person[244]	new[243]|giv[244]	ana	41-12[0_244]
41-9	3701-3707	victim	place[243]|person[244]	new[243]|giv[244]	_	_
41-10	3708-3714	looked	_	_	_	_
41-11	3715-3719	like	_	_	_	_
41-12	3720-3723	her	person|person[246]	giv|new[246]	coref	43-8[261_0]
41-13	3724-3730	sister	person[246]	new[246]	_	_
41-14	3731-3732	,	_	_	_	_
41-15	3733-3736	who	_	_	_	_
41-16	3737-3748	disappeared	_	_	_	_
41-17	3749-3751	in	_	_	_	_
41-18	3752-3758	Boston	place	new	_	_
41-19	3759-3761	in	_	_	_	_
41-20	3762-3766	1974	time	giv	coref	47-27
41-21	3767-3768	.	_	_	_	_
41-22	3769-3770	[	_	_	_	_
41-23	3771-3773	16	abstract	giv	_	_
41-24	3774-3775	]	_	_	_	_

#Text=Investigators also followed a lead involving Rory Gene Kesinger , who would have been 25 years old at the time of the murder ( she broke out of jail in 1973 ) .
42-1	3776-3789	Investigators	person	giv	coref	59-4
42-2	3790-3794	also	_	_	_	_
42-3	3795-3803	followed	_	_	_	_
42-4	3804-3805	a	abstract[251]	new[251]	_	_
42-5	3806-3810	lead	abstract[251]	new[251]	_	_
42-6	3811-3820	involving	_	_	_	_
42-7	3821-3825	Rory	person[252]	new[252]	ana	42-25[0_252]
42-8	3826-3830	Gene	person[252]	new[252]	_	_
42-9	3831-3839	Kesinger	person[252]	new[252]	_	_
42-10	3840-3841	,	_	_	_	_
42-11	3842-3845	who	_	_	_	_
42-12	3846-3851	would	_	_	_	_
42-13	3852-3856	have	_	_	_	_
42-14	3857-3861	been	_	_	_	_
42-15	3862-3864	25	quantity[253]	giv[253]	_	_
42-16	3865-3870	years	quantity[253]	giv[253]	_	_
42-17	3871-3874	old	_	_	_	_
42-18	3875-3877	at	_	_	_	_
42-19	3878-3881	the	_	_	_	_
42-20	3882-3886	time	_	_	_	_
42-21	3887-3889	of	_	_	_	_
42-22	3890-3893	the	event[254]	new[254]	_	_
42-23	3894-3900	murder	event[254]	new[254]	_	_
42-24	3901-3902	(	_	_	_	_
42-25	3903-3906	she	person	giv	_	_
42-26	3907-3912	broke	_	_	_	_
42-27	3913-3916	out	_	_	_	_
42-28	3917-3919	of	_	_	_	_
42-29	3920-3924	jail	place	new	_	_
42-30	3925-3927	in	_	_	_	_
42-31	3928-3932	1973	time	new	_	_
42-32	3933-3934	)	_	_	_	_
42-33	3935-3936	.	_	_	_	_

#Text=Authorities saw a resemblance between Kesinger and the victim . [ 23 ]
43-1	3937-3948	Authorities	person	new	_	_
43-2	3949-3952	saw	_	_	_	_
43-3	3953-3954	a	abstract[259]	new[259]	_	_
43-4	3955-3966	resemblance	abstract[259]	new[259]	_	_
43-5	3967-3974	between	abstract[259]	new[259]	_	_
43-6	3975-3983	Kesinger	abstract[259]|person	new[259]|new	coref	44-5[264_0]
43-7	3984-3987	and	abstract[259]	new[259]	_	_
43-8	3988-3991	the	abstract[259]|person[261]	new[259]|giv[261]	coref	44-11[266_261]
43-9	3992-3998	victim	abstract[259]|person[261]	new[259]|giv[261]	_	_
43-10	3999-4000	.	_	_	_	_
43-11	4001-4002	[	_	_	_	_
43-12	4003-4005	23	abstract	giv	coref	68-26
43-13	4006-4007	]	_	_	_	_

#Text=However , DNA from Kesinger 's mother did not match the victim . [ 2 ] [ 15 ] [ 26 ]
44-1	4008-4015	However	_	_	_	_
44-2	4016-4017	,	_	_	_	_
44-3	4018-4021	DNA	substance[263]	giv[263]	_	_
44-4	4022-4026	from	substance[263]	giv[263]	_	_
44-5	4027-4035	Kesinger	substance[263]|person[264]|person[265]	giv[263]|giv[264]|giv[265]	coref	50-21[313_265]
44-6	4036-4038	's	substance[263]|person[264]|person[265]	giv[263]|giv[264]|giv[265]	_	_
44-7	4039-4045	mother	substance[263]|person[265]	giv[263]|giv[265]	_	_
44-8	4046-4049	did	_	_	_	_
44-9	4050-4053	not	_	_	_	_
44-10	4054-4059	match	_	_	_	_
44-11	4060-4063	the	person[266]	giv[266]	coref	50-26[315_266]
44-12	4064-4070	victim	person[266]	giv[266]	_	_
44-13	4071-4072	.	_	_	_	_
44-14	4073-4074	[	_	_	_	_
44-15	4075-4076	2	abstract	new	coref	59-27
44-16	4077-4078	]	_	_	_	_
44-17	4079-4080	[	_	_	_	_
44-18	4081-4083	15	abstract	giv	_	_
44-19	4084-4085	]	_	_	_	_
44-20	4086-4087	[	_	_	_	_
44-21	4088-4090	26	time	giv	_	_
44-22	4091-4092	]	_	_	_	_

#Text=Two other missing women , Francis Ewalt of Montana and Vicke Lamberton of Massachusetts have also been ruled out . [ 10 ]
45-1	4093-4096	Two	person[270]	new[270]	appos	45-6[271_270]
45-2	4097-4102	other	person[270]	new[270]	_	_
45-3	4103-4110	missing	person[270]	new[270]	_	_
45-4	4111-4116	women	person[270]	new[270]	_	_
45-5	4117-4118	,	_	_	_	_
45-6	4119-4126	Francis	person[271]	giv[271]	_	_
45-7	4127-4132	Ewalt	person[271]	giv[271]	_	_
45-8	4133-4135	of	person[271]	giv[271]	_	_
45-9	4136-4143	Montana	person[271]|place	giv[271]|new	_	_
45-10	4144-4147	and	person[271]	giv[271]	_	_
45-11	4148-4153	Vicke	person[271]	giv[271]	_	_
45-12	4154-4163	Lamberton	person[271]	giv[271]	_	_
45-13	4164-4166	of	person[271]	giv[271]	_	_
45-14	4167-4180	Massachusetts	person[271]|place	giv[271]|giv	coref	47-25
45-15	4181-4185	have	_	_	_	_
45-16	4186-4190	also	_	_	_	_
45-17	4191-4195	been	_	_	_	_
45-18	4196-4201	ruled	_	_	_	_
45-19	4202-4205	out	_	_	_	_
45-20	4206-4207	.	_	_	_	_
45-21	4208-4209	[	_	_	_	_
45-22	4210-4212	10	abstract	giv	_	_
45-23	4213-4214	]	_	_	_	_

#Text=Jaws film extra possibility
46-1	4215-4219	Jaws	event|abstract[276]|event[277]	new|new[276]|new[277]	coref|coref	47-20[0_276]|47-18[285_0]
46-2	4220-4224	film	abstract[276]|event[277]	new[276]|new[277]	_	_
46-3	4225-4230	extra	event[277]	new[277]	_	_
46-4	4231-4242	possibility	event[277]	new[277]	_	_

#Text=In August 2015 , speculation arose that Lady of the Dunes may have been an extra in the 1975 film Jaws ( filmed in Massachusetts in 1974 ) .
47-1	4243-4245	In	_	_	_	_
47-2	4246-4252	August	time[278]	new[278]	_	_
47-3	4253-4257	2015	time[278]|time	new[278]|new	coref	74-5
47-4	4258-4259	,	_	_	_	_
47-5	4260-4271	speculation	event	new	ana	48-13
47-6	4272-4277	arose	_	_	_	_
47-7	4278-4282	that	_	_	_	_
47-8	4283-4287	Lady	person[281]	new[281]	coref	47-15[283_281]
47-9	4288-4290	of	person[281]	new[281]	_	_
47-10	4291-4294	the	person[281]|place[282]	new[281]|giv[282]	coref	78-8[468_282]
47-11	4295-4300	Dunes	person[281]|place[282]	new[281]|giv[282]	_	_
47-12	4301-4304	may	_	_	_	_
47-13	4305-4309	have	_	_	_	_
47-14	4310-4314	been	_	_	_	_
47-15	4315-4317	an	person[283]	giv[283]	coref	78-4[467_283]
47-16	4318-4323	extra	person[283]	giv[283]	_	_
47-17	4324-4326	in	person[283]	giv[283]	_	_
47-18	4327-4330	the	person[283]|event[285]	giv[283]|giv[285]	coref	52-1[0_285]
47-19	4331-4335	1975	person[283]|event[285]	giv[283]|giv[285]	_	_
47-20	4336-4340	film	person[283]|abstract|event[285]	giv[283]|giv|giv[285]	coref	50-9[306_0]
47-21	4341-4345	Jaws	person[283]|event[285]	giv[283]|giv[285]	_	_
47-22	4346-4347	(	_	_	_	_
47-23	4348-4354	filmed	_	_	_	_
47-24	4355-4357	in	_	_	_	_
47-25	4358-4371	Massachusetts	place	giv	coref	69-22
47-26	4372-4374	in	_	_	_	_
47-27	4375-4379	1974	time	giv	coref	52-8
47-28	4380-4381	)	_	_	_	_
47-29	4382-4383	.	_	_	_	_

#Text=Joe Hill , the son of horror author Stephen King , brought this to police attention .
48-1	4384-4387	Joe	person[288]	new[288]	appos	48-4[289_288]
48-2	4388-4392	Hill	person[288]	new[288]	_	_
48-3	4393-4394	,	_	_	_	_
48-4	4395-4398	the	person[289]	giv[289]	coref	49-1[0_289]
48-5	4399-4402	son	person[289]	giv[289]	_	_
48-6	4403-4405	of	person[289]	giv[289]	_	_
48-7	4406-4412	horror	person[289]|abstract|person[291]	giv[289]|new|new[291]	_	_
48-8	4413-4419	author	person[289]|person[291]	giv[289]|new[291]	_	_
48-9	4420-4427	Stephen	person[289]|person[291]	giv[289]|new[291]	_	_
48-10	4428-4432	King	person[289]|person[291]	giv[289]|new[291]	_	_
48-11	4433-4434	,	_	_	_	_
48-12	4435-4442	brought	_	_	_	_
48-13	4443-4447	this	event	giv	_	_
48-14	4448-4450	to	_	_	_	_
48-15	4451-4457	police	organization|abstract[294]	giv|new[294]	coref	66-16[387_0]
48-16	4458-4467	attention	abstract[294]	new[294]	_	_
48-17	4468-4469	.	_	_	_	_

#Text=Hill had learned of the case after reading The Skeleton Crew : How Amateur Sleuths are Solving America 's Coldest Cases just weeks before .
49-1	4470-4474	Hill	person	giv	coref	50-1
49-2	4475-4478	had	_	_	_	_
49-3	4479-4486	learned	_	_	_	_
49-4	4487-4489	of	_	_	_	_
49-5	4490-4493	the	event[296]	new[296]	_	_
49-6	4494-4498	case	event[296]	new[296]	_	_
49-7	4499-4504	after	_	_	_	_
49-8	4505-4512	reading	_	_	_	_
49-9	4513-4516	The	person[297]	new[297]	coref	75-1[452_297]
49-10	4517-4525	Skeleton	person[297]	new[297]	_	_
49-11	4526-4530	Crew	person[297]	new[297]	_	_
49-12	4531-4532	:	_	_	_	_
49-13	4533-4536	How	_	_	_	_
49-14	4537-4544	Amateur	person[298]	new[298]	coref	75-6[453_298]
49-15	4545-4552	Sleuths	person[298]	new[298]	_	_
49-16	4553-4556	are	_	_	_	_
49-17	4557-4564	Solving	_	_	_	_
49-18	4565-4572	America	place[299]|object[301]	new[299]|giv[301]	coref|coref	75-10[454_299]|75-10[456_301]
49-19	4573-4575	's	place[299]|object[301]	new[299]|giv[301]	_	_
49-20	4576-4583	Coldest	abstract|object[301]	new|giv[301]	coref	75-12
49-21	4584-4589	Cases	object[301]	giv[301]	_	_
49-22	4590-4594	just	time[302]	new[302]	_	_
49-23	4595-4600	weeks	time[302]	new[302]	_	_
49-24	4601-4607	before	_	_	_	_
49-25	4608-4609	.	_	_	_	_

#Text=Hill told an FBI investigator that during the film 's " July 4th Crowd Arrives " sequence , he saw a woman resembling reconstructions of the victim .
50-1	4610-4614	Hill	person	giv	_	_
50-2	4615-4619	told	_	_	_	_
50-3	4620-4622	an	person[305]	new[305]	ana	50-19[0_305]
50-4	4623-4626	FBI	organization|person[305]	new|new[305]	_	_
50-5	4627-4639	investigator	person[305]	new[305]	_	_
50-6	4640-4644	that	_	_	_	_
50-7	4645-4651	during	_	_	_	_
50-8	4652-4655	the	abstract[311]	new[311]	_	_
50-9	4656-4660	film	abstract[306]|abstract[311]	giv[306]|new[311]	_	_
50-10	4661-4663	's	abstract[306]|abstract[311]	giv[306]|new[311]	_	_
50-11	4664-4665	"	abstract[311]	new[311]	_	_
50-12	4666-4670	July	time|abstract[310]|abstract[311]	giv|new[310]|new[311]	_	_
50-13	4671-4674	4th	event|abstract[310]|abstract[311]	new|new[310]|new[311]	_	_
50-14	4675-4680	Crowd	person|abstract[310]|abstract[311]	new|new[310]|new[311]	_	_
50-15	4681-4688	Arrives	abstract[310]|abstract[311]	new[310]|new[311]	_	_
50-16	4689-4690	"	abstract[311]	new[311]	_	_
50-17	4691-4699	sequence	abstract[311]	new[311]	_	_
50-18	4700-4701	,	_	_	_	_
50-19	4702-4704	he	person	giv	coref	54-2[333_0]
50-20	4705-4708	saw	_	_	_	_
50-21	4709-4710	a	person[313]	giv[313]	ana	51-1[0_313]
50-22	4711-4716	woman	person[313]	giv[313]	_	_
50-23	4717-4727	resembling	_	_	_	_
50-24	4728-4743	reconstructions	person[314]	new[314]	_	_
50-25	4744-4746	of	person[314]	new[314]	_	_
50-26	4747-4750	the	person[314]|person[315]	new[314]|giv[315]	coref	58-5[348_315]
50-27	4751-4757	victim	person[314]|person[315]	new[314]|giv[315]	_	_
50-28	4758-4759	.	_	_	_	_

#Text=She is wearing a blue bandana and jeans , similar to those found with the body . [ 27 ]
51-1	4760-4763	She	person	giv	coref	59-6[352_0]
51-2	4764-4766	is	_	_	_	_
51-3	4767-4774	wearing	_	_	_	_
51-4	4775-4776	a	object[317]	new[317]	_	_
51-5	4777-4781	blue	object[317]	new[317]	_	_
51-6	4782-4789	bandana	object[317]	new[317]	_	_
51-7	4790-4793	and	_	_	_	_
51-8	4794-4799	jeans	object	giv	ana	51-12
51-9	4800-4801	,	_	_	_	_
51-10	4802-4809	similar	_	_	_	_
51-11	4810-4812	to	_	_	_	_
51-12	4813-4818	those	object	giv	_	_
51-13	4819-4824	found	_	_	_	_
51-14	4825-4829	with	_	_	_	_
51-15	4830-4833	the	place[320]	giv[320]	coref	70-27[427_320]
51-16	4834-4838	body	place[320]	giv[320]	_	_
51-17	4839-4840	.	_	_	_	_
51-18	4841-4842	[	_	_	_	_
51-19	4843-4845	27	abstract	new	coref	53-23
51-20	4846-4847	]	_	_	_	_

#Text=Jaws was shot between May and October 1974 .
52-1	4848-4852	Jaws	event	giv	_	_
52-2	4853-4856	was	_	_	_	_
52-3	4857-4861	shot	_	_	_	_
52-4	4862-4869	between	_	_	_	_
52-5	4870-4873	May	time	new	coref	63-4
52-6	4874-4877	and	_	_	_	_
52-7	4878-4885	October	_	_	_	_
52-8	4886-4890	1974	time	giv	coref	63-7
52-9	4891-4892	.	_	_	_	_

#Text=Principal photography was mainly in Menemsha on Martha 's Vineyard , about 100 miles ( 160km ) south of Provincetown . [ 27 ]
53-1	4893-4902	Principal	event[325]	new[325]	_	_
53-2	4903-4914	photography	event[325]	new[325]	_	_
53-3	4915-4918	was	_	_	_	_
53-4	4919-4925	mainly	place[326]	new[326]	_	_
53-5	4926-4928	in	place[326]	new[326]	_	_
53-6	4929-4937	Menemsha	place[326]	new[326]	_	_
53-7	4938-4940	on	place[326]	new[326]	_	_
53-8	4941-4947	Martha	place[326]|person[327]|place[328]	new[326]|new[327]|new[328]	_	_
53-9	4948-4950	's	place[326]|person[327]|place[328]	new[326]|new[327]|new[328]	_	_
53-10	4951-4959	Vineyard	place[326]|place[328]	new[326]|new[328]	_	_
53-11	4960-4961	,	place[326]	new[326]	_	_
53-12	4962-4967	about	place[326]|abstract[329]	new[326]|new[329]	appos	53-16[0_329]
53-13	4968-4971	100	place[326]|abstract[329]	new[326]|new[329]	_	_
53-14	4972-4977	miles	place[326]|abstract[329]	new[326]|new[329]	_	_
53-15	4978-4979	(	place[326]	new[326]	_	_
53-16	4980-4985	160km	place[326]|abstract	new[326]|giv	_	_
53-17	4986-4987	)	place[326]	new[326]	_	_
53-18	4988-4993	south	place[326]	new[326]	_	_
53-19	4994-4996	of	place[326]	new[326]	_	_
53-20	4997-5009	Provincetown	place[326]|place	new[326]|giv	coref	78-4[466_0]
53-21	5010-5011	.	_	_	_	_
53-22	5012-5013	[	_	_	_	_
53-23	5014-5016	27	abstract	giv	ana	54-9
53-24	5017-5018	]	_	_	_	_

#Text=Although a lead investigator has noted interest in this , others have described it as " far-fetched " and " wild speculation .
54-1	5019-5027	Although	_	_	_	_
54-2	5028-5029	a	person[333]	giv[333]	_	_
54-3	5030-5034	lead	person[333]	giv[333]	_	_
54-4	5035-5047	investigator	person[333]	giv[333]	_	_
54-5	5048-5051	has	_	_	_	_
54-6	5052-5057	noted	_	_	_	_
54-7	5058-5066	interest	abstract	new	_	_
54-8	5067-5069	in	_	_	_	_
54-9	5070-5074	this	abstract	giv	ana	54-14
54-10	5075-5076	,	_	_	_	_
54-11	5077-5083	others	person	new	coref	72-8[441_0]
54-12	5084-5088	have	_	_	_	_
54-13	5089-5098	described	_	_	_	_
54-14	5099-5101	it	place	giv	coref	62-8[371_0]
54-15	5102-5104	as	_	_	_	_
54-16	5105-5106	"	_	_	_	_
54-17	5107-5118	far-fetched	_	_	_	_
54-18	5119-5120	"	_	_	_	_
54-19	5121-5124	and	_	_	_	_
54-20	5125-5126	"	_	_	_	_
54-21	5127-5131	wild	_	_	_	_
54-22	5132-5143	speculation	_	_	_	_
54-23	5144-5145	.	_	_	_	_

#Text=" [ 28 ] [ 29 ]
55-1	5146-5147	"	_	_	_	_
55-2	5148-5149	[	_	_	_	_
55-3	5150-5152	28	abstract	new	_	_
55-4	5153-5154	]	_	_	_	_
55-5	5155-5156	[	_	_	_	_
55-6	5157-5159	29	abstract	new	_	_
55-7	5160-5161	]	_	_	_	_

#Text=Suspects
56-1	5162-5170	Suspects	abstract	new	_	_

#Text=Bulger 's mugshot at Alcatraz ( 1959 ; age 30 ) .
57-1	5171-5177	Bulger	person[341]|object[342]	new[341]|new[342]	coref	60-1[0_341]
57-2	5178-5180	's	person[341]|object[342]	new[341]|new[342]	_	_
57-3	5181-5188	mugshot	object[342]	new[342]	_	_
57-4	5189-5191	at	object[342]	new[342]	_	_
57-5	5192-5200	Alcatraz	object[342]|place	new[342]|new	_	_
57-6	5201-5202	(	_	_	_	_
57-7	5203-5207	1959	time[344]	new[344]	_	_
57-8	5208-5209	;	time[344]	new[344]	_	_
57-9	5210-5213	age	time[344]|abstract	new[344]|new	_	_
57-10	5214-5216	30	time[344]|abstract	new[344]|new	coref	63-10
57-11	5217-5218	)	_	_	_	_
57-12	5219-5220	.	_	_	_	_

#Text=Additional reconstruction , depicting the victim with and without freckles
58-1	5221-5231	Additional	place[347]	giv[347]	_	_
58-2	5232-5246	reconstruction	place[347]	giv[347]	_	_
58-3	5247-5248	,	_	_	_	_
58-4	5249-5258	depicting	_	_	_	_
58-5	5259-5262	the	person[348]	giv[348]	coref	59-10[353_348]
58-6	5263-5269	victim	person[348]	giv[348]	_	_
58-7	5270-5274	with	_	_	_	_
58-8	5275-5278	and	_	_	_	_
58-9	5279-5286	without	_	_	_	_
58-10	5287-5295	freckles	abstract	new	_	_

#Text=In 1981 , investigators learned a woman who resembled the victim was seen with mobster Whitey Bulger around the time the woman presumably died . [ 2 ] [ 3 ] [ 18 ]
59-1	5296-5298	In	_	_	_	_
59-2	5299-5303	1981	time	new	_	_
59-3	5304-5305	,	_	_	_	_
59-4	5306-5319	investigators	person	giv	_	_
59-5	5320-5327	learned	_	_	_	_
59-6	5328-5329	a	person[352]	giv[352]	coref	59-21[355_352]
59-7	5330-5335	woman	person[352]	giv[352]	_	_
59-8	5336-5339	who	_	_	_	_
59-9	5340-5349	resembled	_	_	_	_
59-10	5350-5353	the	person[353]	giv[353]	coref	64-1[379_353]
59-11	5354-5360	victim	person[353]	giv[353]	_	_
59-12	5361-5364	was	_	_	_	_
59-13	5365-5369	seen	_	_	_	_
59-14	5370-5374	with	_	_	_	_
59-15	5375-5382	mobster	person[354]	new[354]	_	_
59-16	5383-5389	Whitey	person[354]	new[354]	_	_
59-17	5390-5396	Bulger	person[354]	new[354]	_	_
59-18	5397-5403	around	_	_	_	_
59-19	5404-5407	the	_	_	_	_
59-20	5408-5412	time	_	_	_	_
59-21	5413-5416	the	person[355]	giv[355]	coref	69-16[413_355]
59-22	5417-5422	woman	person[355]	giv[355]	_	_
59-23	5423-5433	presumably	_	_	_	_
59-24	5434-5438	died	_	_	_	_
59-25	5439-5440	.	_	_	_	_
59-26	5441-5442	[	_	_	_	_
59-27	5443-5444	2	abstract	giv	_	_
59-28	5445-5446	]	_	_	_	_
59-29	5447-5448	[	_	_	_	_
59-30	5449-5450	3	abstract	giv	_	_
59-31	5451-5452	]	_	_	_	_
59-32	5453-5454	[	_	_	_	_
59-33	5455-5457	18	abstract	new	_	_
59-34	5458-5459	]	_	_	_	_

#Text=Bulger was known for removing his victims ' teeth .
60-1	5460-5466	Bulger	person	giv	ana	60-6
60-2	5467-5470	was	_	_	_	_
60-3	5471-5476	known	_	_	_	_
60-4	5477-5480	for	_	_	_	_
60-5	5481-5489	removing	_	_	_	_
60-6	5490-5493	his	person|person[361]|object[362]	giv|new[361]|new[362]	coref|ana	61-4|66-25[0_361]
60-7	5494-5501	victims	person[361]|object[362]	new[361]|new[362]	_	_
60-8	5502-5503	'	person[361]|object[362]	new[361]|new[362]	_	_
60-9	5504-5509	teeth	object[362]	new[362]	_	_
60-10	5510-5511	.	_	_	_	_

#Text=A link to Bulger has not been proven , and he was murdered in prison in 2018 .
61-1	5512-5513	A	abstract[363]	new[363]	_	_
61-2	5514-5518	link	abstract[363]	new[363]	_	_
61-3	5519-5521	to	abstract[363]	new[363]	_	_
61-4	5522-5528	Bulger	abstract[363]|person	new[363]|giv	ana	61-11
61-5	5529-5532	has	_	_	_	_
61-6	5533-5536	not	_	_	_	_
61-7	5537-5541	been	_	_	_	_
61-8	5542-5548	proven	_	_	_	_
61-9	5549-5550	,	_	_	_	_
61-10	5551-5554	and	_	_	_	_
61-11	5555-5557	he	person	giv	_	_
61-12	5558-5561	was	_	_	_	_
61-13	5562-5570	murdered	_	_	_	_
61-14	5571-5573	in	_	_	_	_
61-15	5574-5580	prison	place	new	_	_
61-16	5581-5583	in	_	_	_	_
61-17	5584-5588	2018	time	new	_	_
61-18	5589-5590	.	_	_	_	_

#Text=Tony Costa , a serial killer in the area , was an initial suspect , but later eliminated . [ 9 ]
62-1	5591-5595	Tony	abstract[368]	new[368]	appos	62-4[370_368]
62-2	5596-5601	Costa	abstract[368]	new[368]	_	_
62-3	5602-5603	,	_	_	_	_
62-4	5604-5605	a	person[370]	giv[370]	coref	62-12[372_370]
62-5	5606-5612	serial	substance|person[370]	new|giv[370]	coref	66-1
62-6	5613-5619	killer	person[370]	giv[370]	_	_
62-7	5620-5622	in	person[370]	giv[370]	_	_
62-8	5623-5626	the	person[370]|place[371]	giv[370]|giv[371]	_	_
62-9	5627-5631	area	person[370]|place[371]	giv[370]|giv[371]	_	_
62-10	5632-5633	,	_	_	_	_
62-11	5634-5637	was	_	_	_	_
62-12	5638-5640	an	abstract[372]	giv[372]	coref	66-1[384_372]
62-13	5641-5648	initial	abstract[372]	giv[372]	_	_
62-14	5649-5656	suspect	abstract[372]	giv[372]	_	_
62-15	5657-5658	,	_	_	_	_
62-16	5659-5662	but	_	_	_	_
62-17	5663-5668	later	_	_	_	_
62-18	5669-5679	eliminated	_	_	_	_
62-19	5680-5681	.	_	_	_	_
62-20	5682-5683	[	_	_	_	_
62-21	5684-5685	9	abstract	giv	_	_
62-22	5686-5687	]	_	_	_	_

#Text=Costa died on May 12 , 1974 . [ 30 ]
63-1	5688-5693	Costa	person	new	_	_
63-2	5694-5698	died	_	_	_	_
63-3	5699-5701	on	_	_	_	_
63-4	5702-5705	May	time|time[376]	giv|new[376]	coref	77-5[462_376]
63-5	5706-5708	12	time[376]	new[376]	_	_
63-6	5709-5710	,	time[376]	new[376]	_	_
63-7	5711-5715	1974	time[376]|time	new[376]|giv	coref	64-7
63-8	5716-5717	.	_	_	_	_
63-9	5718-5719	[	_	_	_	_
63-10	5720-5722	30	abstract	giv	_	_
63-11	5723-5724	]	_	_	_	_

#Text=The victim was found in July 1974 .
64-1	5725-5728	The	person[379]	giv[379]	_	_
64-2	5729-5735	victim	person[379]	giv[379]	_	_
64-3	5736-5739	was	_	_	_	_
64-4	5740-5745	found	_	_	_	_
64-5	5746-5748	in	_	_	_	_
64-6	5749-5753	July	time[380]	new[380]	_	_
64-7	5754-5758	1974	time[380]|time	new[380]|giv	_	_
64-8	5759-5760	.	_	_	_	_

#Text=Hadden Clark confession
65-1	5761-5767	Hadden	event[382]	new[382]	_	_
65-2	5768-5773	Clark	event[382]	new[382]	_	_
65-3	5774-5784	confession	event[382]	new[382]	_	_

#Text=Serial killer Hadden Clark confessed to the murder , stating " I could have told the police what her name was , but after they beat the shit out of me , I was n't going to tell them shit ... .
66-1	5785-5791	Serial	substance|person[384]	giv|giv[384]	ana	66-12[0_384]
66-2	5792-5798	killer	person[384]	giv[384]	_	_
66-3	5799-5805	Hadden	person[384]	giv[384]	_	_
66-4	5806-5811	Clark	person[384]	giv[384]	_	_
66-5	5812-5821	confessed	_	_	_	_
66-6	5822-5824	to	_	_	_	_
66-7	5825-5828	the	event[385]	new[385]	coref	67-1[395_385]
66-8	5829-5835	murder	event[385]	new[385]	_	_
66-9	5836-5837	,	_	_	_	_
66-10	5838-5845	stating	_	_	_	_
66-11	5846-5847	"	_	_	_	_
66-12	5848-5849	I	person	giv	ana	66-19
66-13	5850-5855	could	_	_	_	_
66-14	5856-5860	have	_	_	_	_
66-15	5861-5865	told	_	_	_	_
66-16	5866-5869	the	organization[387]	giv[387]	coref	67-8[396_387]
66-17	5870-5876	police	organization[387]	giv[387]	_	_
66-18	5877-5881	what	_	_	_	_
66-19	5882-5885	her	person|abstract[389]	giv|new[389]	ana	66-31
66-20	5886-5890	name	abstract[389]	new[389]	_	_
66-21	5891-5894	was	_	_	_	_
66-22	5895-5896	,	_	_	_	_
66-23	5897-5900	but	_	_	_	_
66-24	5901-5906	after	_	_	_	_
66-25	5907-5911	they	person	giv	ana	66-39
66-26	5912-5916	beat	_	_	_	_
66-27	5917-5920	the	abstract[391]	new[391]	_	_
66-28	5921-5925	shit	abstract[391]	new[391]	_	_
66-29	5926-5929	out	abstract[391]	new[391]	_	_
66-30	5930-5932	of	abstract[391]	new[391]	_	_
66-31	5933-5935	me	abstract[391]|person	new[391]|giv	ana	66-33
66-32	5936-5937	,	_	_	_	_
66-33	5938-5939	I	person	giv	ana	67-15
66-34	5940-5943	was	_	_	_	_
66-35	5944-5947	n't	_	_	_	_
66-36	5948-5953	going	_	_	_	_
66-37	5954-5956	to	_	_	_	_
66-38	5957-5961	tell	_	_	_	_
66-39	5962-5966	them	person	giv	coref	71-17[437_0]
66-40	5967-5971	shit	_	_	_	_
66-41	5972-5975	...	_	_	_	_
66-42	5976-5977	.	_	_	_	_

#Text=This murder is still unsolved and what the police are looking for is in my grandfather 's garden .
67-1	5978-5982	This	event[395]	giv[395]	_	_
67-2	5983-5989	murder	event[395]	giv[395]	_	_
67-3	5990-5992	is	_	_	_	_
67-4	5993-5998	still	_	_	_	_
67-5	5999-6007	unsolved	_	_	_	_
67-6	6008-6011	and	_	_	_	_
67-7	6012-6016	what	_	_	_	_
67-8	6017-6020	the	organization[396]	giv[396]	coref	71-7[0_396]
67-9	6021-6027	police	organization[396]	giv[396]	_	_
67-10	6028-6031	are	_	_	_	_
67-11	6032-6039	looking	_	_	_	_
67-12	6040-6043	for	_	_	_	_
67-13	6044-6046	is	_	_	_	_
67-14	6047-6049	in	_	_	_	_
67-15	6050-6052	my	person|person[398]|place[399]	giv|new[398]|new[399]	coref	68-4
67-16	6053-6064	grandfather	person[398]|place[399]	new[398]|new[399]	_	_
67-17	6065-6067	's	person[398]|place[399]	new[398]|new[399]	_	_
67-18	6068-6074	garden	place[399]	new[399]	_	_
67-19	6075-6076	.	_	_	_	_

#Text=" Authorities say Clark suffers from paranoid schizophrenia , a condition which may lead someone to confess falsely to crimes . [ 31 ] [ 23 ]
68-1	6077-6078	"	_	_	_	_
68-2	6079-6090	Authorities	organization	new	_	_
68-3	6091-6094	say	_	_	_	_
68-4	6095-6100	Clark	person	giv	coref	69-4
68-5	6101-6108	suffers	_	_	_	_
68-6	6109-6113	from	_	_	_	_
68-7	6114-6122	paranoid	abstract[402]	new[402]	appos	68-10[403_402]
68-8	6123-6136	schizophrenia	abstract[402]	new[402]	_	_
68-9	6137-6138	,	_	_	_	_
68-10	6139-6140	a	abstract[403]	giv[403]	_	_
68-11	6141-6150	condition	abstract[403]	giv[403]	_	_
68-12	6151-6156	which	_	_	_	_
68-13	6157-6160	may	_	_	_	_
68-14	6161-6165	lead	_	_	_	_
68-15	6166-6173	someone	person	new	_	_
68-16	6174-6176	to	_	_	_	_
68-17	6177-6184	confess	_	_	_	_
68-18	6185-6192	falsely	_	_	_	_
68-19	6193-6195	to	_	_	_	_
68-20	6196-6202	crimes	abstract	new	_	_
68-21	6203-6204	.	_	_	_	_
68-22	6205-6206	[	_	_	_	_
68-23	6207-6209	31	abstract	new	coref	70-33
68-24	6210-6211	]	_	_	_	_
68-25	6212-6213	[	_	_	_	_
68-26	6214-6216	23	abstract	giv	_	_
68-27	6217-6218	]	_	_	_	_

#Text=In 2004 , Clark sent a letter to a friend stating that he had killed a woman on Cape Cod , Massachusetts . [ 32 ]
69-1	6219-6221	In	_	_	_	_
69-2	6222-6226	2004	time	new	_	_
69-3	6227-6228	,	_	_	_	_
69-4	6229-6234	Clark	person	giv	coref	71-5
69-5	6235-6239	sent	_	_	_	_
69-6	6240-6241	a	object[410]	new[410]	_	_
69-7	6242-6248	letter	object[410]	new[410]	_	_
69-8	6249-6251	to	_	_	_	_
69-9	6252-6253	a	person[411]	new[411]	ana	69-13[0_411]
69-10	6254-6260	friend	person[411]	new[411]	_	_
69-11	6261-6268	stating	_	_	_	_
69-12	6269-6273	that	_	_	_	_
69-13	6274-6276	he	person	giv	ana	70-1
69-14	6277-6280	had	_	_	_	_
69-15	6281-6287	killed	_	_	_	_
69-16	6288-6289	a	person[413]	giv[413]	coref	70-12[422_413]
69-17	6290-6295	woman	person[413]	giv[413]	_	_
69-18	6296-6298	on	person[413]	giv[413]	_	_
69-19	6299-6303	Cape	person[413]|person|place[415]	giv[413]|new|new[415]	_	_
69-20	6304-6307	Cod	person[413]|place[415]	giv[413]|new[415]	_	_
69-21	6308-6309	,	person[413]|place[415]	giv[413]|new[415]	_	_
69-22	6310-6323	Massachusetts	person[413]|place[415]|place	giv[413]|new[415]|giv	_	_
69-23	6324-6325	.	_	_	_	_
69-24	6326-6327	[	_	_	_	_
69-25	6328-6330	32	abstract	new	_	_
69-26	6331-6332	]	_	_	_	_

#Text=He also sent two drawings : one of a handless , naked woman sprawled on her stomach , and another of a map pointing to where the body was found . [ 31 ] [ 33 ]
70-1	6333-6335	He	person	giv	_	_
70-2	6336-6340	also	_	_	_	_
70-3	6341-6345	sent	_	_	_	_
70-4	6346-6349	two	object[419]	new[419]	_	_
70-5	6350-6358	drawings	object[419]	new[419]	_	_
70-6	6359-6360	:	_	_	_	_
70-7	6361-6364	one	object[420]	new[420]	_	_
70-8	6365-6367	of	object[420]	new[420]	_	_
70-9	6368-6369	a	object[420]|object[421]	new[420]|new[421]	_	_
70-10	6370-6378	handless	object[420]|object[421]	new[420]|new[421]	_	_
70-11	6379-6380	,	_	_	_	_
70-12	6381-6386	naked	person[422]	giv[422]	ana	70-16[0_422]
70-13	6387-6392	woman	person[422]	giv[422]	_	_
70-14	6393-6401	sprawled	_	_	_	_
70-15	6402-6404	on	_	_	_	_
70-16	6405-6408	her	person|object[424]	giv|new[424]	ana	70-20[425_0]
70-17	6409-6416	stomach	object[424]	new[424]	_	_
70-18	6417-6418	,	_	_	_	_
70-19	6419-6422	and	_	_	_	_
70-20	6423-6430	another	person[425]	giv[425]	_	_
70-21	6431-6433	of	person[425]	giv[425]	_	_
70-22	6434-6435	a	person[425]|object[426]	giv[425]|new[426]	_	_
70-23	6436-6439	map	person[425]|object[426]	giv[425]|new[426]	_	_
70-24	6440-6448	pointing	_	_	_	_
70-25	6449-6451	to	_	_	_	_
70-26	6452-6457	where	_	_	_	_
70-27	6458-6461	the	object[427]	giv[427]	_	_
70-28	6462-6466	body	object[427]	giv[427]	_	_
70-29	6467-6470	was	_	_	_	_
70-30	6471-6476	found	_	_	_	_
70-31	6477-6478	.	_	_	_	_
70-32	6479-6480	[	_	_	_	_
70-33	6481-6483	31	abstract	giv	coref	72-21
70-34	6484-6485	]	_	_	_	_
70-35	6486-6487	[	_	_	_	_
70-36	6488-6490	33	abstract	new	coref	72-24
70-37	6491-6492	]	_	_	_	_

#Text=In April 2000 , Clark led police to a spot where he claimed he had buried two victims 20 years before .
71-1	6493-6495	In	_	_	_	_
71-2	6496-6501	April	time[430]	new[430]	_	_
71-3	6502-6506	2000	time[430]|time	new[430]|giv	_	_
71-4	6507-6508	,	_	_	_	_
71-5	6509-6514	Clark	person	giv	ana	71-12
71-6	6515-6518	led	_	_	_	_
71-7	6519-6525	police	organization	giv	_	_
71-8	6526-6528	to	_	_	_	_
71-9	6529-6530	a	place[434]	new[434]	_	_
71-10	6531-6535	spot	place[434]	new[434]	_	_
71-11	6536-6541	where	_	_	_	_
71-12	6542-6544	he	person	giv	ana	71-14
71-13	6545-6552	claimed	_	_	_	_
71-14	6553-6555	he	person	giv	ana	72-1
71-15	6556-6559	had	_	_	_	_
71-16	6560-6566	buried	_	_	_	_
71-17	6567-6570	two	person[437]	giv[437]	_	_
71-18	6571-6578	victims	person[437]	giv[437]	_	_
71-19	6579-6581	20	time[438]	new[438]	_	_
71-20	6582-6587	years	time[438]	new[438]	_	_
71-21	6588-6594	before	_	_	_	_
71-22	6595-6596	.	_	_	_	_

#Text=He also stated that he had murdered several others in various states between the 1970s and the 1990s . [ 31 ] [ 33 ]
72-1	6597-6599	He	person	giv	ana	72-5
72-2	6600-6604	also	_	_	_	_
72-3	6605-6611	stated	_	_	_	_
72-4	6612-6616	that	_	_	_	_
72-5	6617-6619	he	person	giv	_	_
72-6	6620-6623	had	_	_	_	_
72-7	6624-6632	murdered	_	_	_	_
72-8	6633-6640	several	person[441]	giv[441]	_	_
72-9	6641-6647	others	person[441]	giv[441]	_	_
72-10	6648-6650	in	_	_	_	_
72-11	6651-6658	various	place[442]	new[442]	_	_
72-12	6659-6665	states	place[442]	new[442]	_	_
72-13	6666-6673	between	place[442]	new[442]	_	_
72-14	6674-6677	the	place[442]|time[443]	new[442]|new[443]	_	_
72-15	6678-6683	1970s	place[442]|time[443]	new[442]|new[443]	_	_
72-16	6684-6687	and	place[442]	new[442]	_	_
72-17	6688-6691	the	place[442]|time[444]	new[442]|new[444]	_	_
72-18	6692-6697	1990s	place[442]|time[444]	new[442]|new[444]	_	_
72-19	6698-6699	.	_	_	_	_
72-20	6700-6701	[	_	_	_	_
72-21	6702-6704	31	abstract	giv	_	_
72-22	6705-6706	]	_	_	_	_
72-23	6707-6708	[	_	_	_	_
72-24	6709-6711	33	abstract	giv	_	_
72-25	6712-6713	]	_	_	_	_

#Text=Cited works and further reading
73-1	6714-6719	Cited	abstract[447]	new[447]	_	_
73-2	6720-6725	works	abstract[447]	new[447]	_	_
73-3	6726-6729	and	_	_	_	_
73-4	6730-6737	further	abstract[448]	new[448]	_	_
73-5	6738-6745	reading	abstract[448]	new[448]	_	_

#Text=Halber , Deborah ( 2015 ) .
74-1	6746-6752	Halber	person	new	appos	74-3
74-2	6753-6754	,	_	_	_	_
74-3	6755-6762	Deborah	person	giv	_	_
74-4	6763-6764	(	_	_	_	_
74-5	6765-6769	2015	time	giv	_	_
74-6	6770-6771	)	_	_	_	_
74-7	6772-6773	.	_	_	_	_

#Text=The Skeleton Crew : How Amateur Sleuths Are Solving America 's Coldest Cases . New York : Simon & Schuster .
75-1	6774-6777	The	person[452]	giv[452]	_	_
75-2	6778-6786	Skeleton	person[452]	giv[452]	_	_
75-3	6787-6791	Crew	person[452]	giv[452]	_	_
75-4	6792-6793	:	_	_	_	_
75-5	6794-6797	How	_	_	_	_
75-6	6798-6805	Amateur	person[453]	giv[453]	_	_
75-7	6806-6813	Sleuths	person[453]	giv[453]	_	_
75-8	6814-6817	Are	_	_	_	_
75-9	6818-6825	Solving	_	_	_	_
75-10	6826-6833	America	place[454]|abstract[456]	giv[454]|giv[456]	coref	79-6[0_454]
75-11	6834-6836	's	place[454]|abstract[456]	giv[454]|giv[456]	_	_
75-12	6837-6844	Coldest	abstract|abstract[456]	giv|giv[456]	_	_
75-13	6845-6850	Cases	abstract[456]	giv[456]	_	_
75-14	6851-6852	.	_	_	_	_
75-15	6853-6856	New	place[457]	giv[457]	_	_
75-16	6857-6861	York	place[457]	giv[457]	_	_
75-17	6862-6863	:	_	_	_	_
75-18	6864-6869	Simon	person	new	_	_
75-19	6870-6871	&	_	_	_	_
75-20	6872-6880	Schuster	_	_	_	_
75-21	6881-6882	.	_	_	_	_

#Text=ISBN 978-1-451-65758-6 .
76-1	6883-6887	ISBN	abstract|abstract[460]	new|new[460]	coref	80-1
76-2	6888-6905	978-1-451-65758-6	abstract[460]	new[460]	_	_
76-3	6906-6907	.	_	_	_	_

#Text=Lee , Sandra ( 12 December 2012 ) .
77-1	6908-6911	Lee	person	new	_	_
77-2	6912-6913	,	_	_	_	_
77-3	6914-6920	Sandra	_	_	_	_
77-4	6921-6922	(	_	_	_	_
77-5	6923-6925	12	time[462]	giv[462]	_	_
77-6	6926-6934	December	time[462]|time	giv[462]|new	_	_
77-7	6935-6939	2012	time[462]|time	giv[462]|new	_	_
77-8	6940-6941	)	_	_	_	_
77-9	6942-6943	.	_	_	_	_

#Text=The Shanty : Provincetown 's Lady in the Dunes .
78-1	6944-6947	The	person[465]	new[465]	_	_
78-2	6948-6954	Shanty	person[465]	new[465]	_	_
78-3	6955-6956	:	_	_	_	_
78-4	6957-6969	Provincetown	place[466]|person[467]	giv[466]|giv[467]	_	_
78-5	6970-6972	's	place[466]|person[467]	giv[466]|giv[467]	_	_
78-6	6973-6977	Lady	person[467]	giv[467]	_	_
78-7	6978-6980	in	person[467]	giv[467]	_	_
78-8	6981-6984	the	person[467]|place[468]	giv[467]|giv[468]	_	_
78-9	6985-6990	Dunes	person[467]|place[468]	giv[467]|giv[468]	_	_
78-10	6991-6992	.	_	_	_	_

#Text=Frederick County , Maryland : America Star Books .
79-1	6993-7002	Frederick	place|place[470]	new|new[470]	_	_
79-2	7003-7009	County	place[470]	new[470]	_	_
79-3	7010-7011	,	place[470]	new[470]	_	_
79-4	7012-7020	Maryland	place[470]|place	new[470]|new	_	_
79-5	7021-7022	:	_	_	_	_
79-6	7023-7030	America	place|object[474]	giv|new[474]	_	_
79-7	7031-7035	Star	person|object[474]	new|new[474]	_	_
79-8	7036-7041	Books	object[474]	new[474]	_	_
79-9	7042-7043	.	_	_	_	_

#Text=ISBN 978-1630000608 .
80-1	7044-7048	ISBN	abstract|abstract[476]	giv|new[476]	_	_
80-2	7049-7063	978-1630000608	abstract[476]	new[476]	_	_
80-3	7064-7065	.	_	_	_	_
