#FORMAT=WebAnno TSV 3.2
#T_SP=webanno.custom.Referent|entity|infstat
#T_RL=webanno.custom.Coref|type|BT_webanno.custom.Referent


#Text=Belfast
1-1	0-7	Belfast	place	new	coref	2-1

#Text=Belfast
2-1	8-15	Belfast	place	giv	coref	4-10

#Text=( Béal Feirste , meaning " the mouth of the river Farset " ) is the capital and largest city of Northern Ireland and the second largest city on the island of Ireland after Dublin , the capital of the Republic of Ireland .
3-1	16-17	(	_	_	_	_
3-2	18-22	Béal	abstract	new	_	_
3-3	23-30	Feirste	place	new	coref	3-16[8_0]
3-4	31-32	,	_	_	_	_
3-5	33-40	meaning	_	_	_	_
3-6	41-42	"	_	_	_	_
3-7	43-46	the	place[5]	new[5]	_	_
3-8	47-52	mouth	place[5]	new[5]	_	_
3-9	53-55	of	place[5]	new[5]	_	_
3-10	56-59	the	place[5]|place[7]	new[5]|new[7]	_	_
3-11	60-65	river	place[5]|place|place[7]	new[5]|new|new[7]	_	_
3-12	66-72	Farset	place[5]|place[7]	new[5]|new[7]	_	_
3-13	73-74	"	_	_	_	_
3-14	75-76	)	_	_	_	_
3-15	77-79	is	_	_	_	_
3-16	80-83	the	place[8]	giv[8]	coref	19-4[140_8]
3-17	84-91	capital	place[8]	giv[8]	_	_
3-18	92-95	and	place[8]	giv[8]	_	_
3-19	96-103	largest	place[8]|place[9]	giv[8]|new[9]	coref	3-25[11_9]
3-20	104-108	city	place[8]|place[9]	giv[8]|new[9]	_	_
3-21	109-111	of	place[8]|place[9]	giv[8]|new[9]	_	_
3-22	112-120	Northern	place[8]|place[9]|place[10]	giv[8]|new[9]|new[10]	coref	3-33[0_10]
3-23	121-128	Ireland	place[8]|place[9]|place[10]	giv[8]|new[9]|new[10]	_	_
3-24	129-132	and	place[8]	giv[8]	_	_
3-25	133-136	the	place[8]|place[11]	giv[8]|giv[11]	coref	6-3[33_11]
3-26	137-143	second	place[8]|place[11]	giv[8]|giv[11]	_	_
3-27	144-151	largest	place[8]|place[11]	giv[8]|giv[11]	_	_
3-28	152-156	city	place[8]|place[11]	giv[8]|giv[11]	_	_
3-29	157-159	on	place[8]|place[11]	giv[8]|giv[11]	_	_
3-30	160-163	the	place[8]|place[11]|place[12]	giv[8]|giv[11]|new[12]	_	_
3-31	164-170	island	place[8]|place[11]|place[12]	giv[8]|giv[11]|new[12]	_	_
3-32	171-173	of	place[8]|place[11]|place[12]	giv[8]|giv[11]|new[12]	_	_
3-33	174-181	Ireland	place[8]|place[11]|place[12]|place	giv[8]|giv[11]|new[12]|giv	coref	3-43
3-34	182-187	after	place[8]|place[11]|place[12]	giv[8]|giv[11]|new[12]	_	_
3-35	188-194	Dublin	place[8]|place[11]|place[12]|place	giv[8]|giv[11]|new[12]|new	appos	3-37[15_0]
3-36	195-196	,	_	_	_	_
3-37	197-200	the	place[15]	giv[15]	coref	17-37[128_15]
3-38	201-208	capital	place[15]	giv[15]	_	_
3-39	209-211	of	place[15]	giv[15]	_	_
3-40	212-215	the	place[15]|place[16]	giv[15]|new[16]	coref	12-50[82_16]
3-41	216-224	Republic	place[15]|place[16]	giv[15]|new[16]	_	_
3-42	225-227	of	place[15]|place[16]	giv[15]|new[16]	_	_
3-43	228-235	Ireland	place[15]|place[16]|place	giv[15]|new[16]|giv	coref	14-40
3-44	236-237	.	_	_	_	_

#Text=Situated at the mouth of the River Lagan on Belfast Lough , Belfast is surrounded by low hills and has a population of 267,500 .
4-1	238-246	Situated	_	_	_	_
4-2	247-249	at	_	_	_	_
4-3	250-253	the	place[18]	new[18]	_	_
4-4	254-259	mouth	place[18]	new[18]	_	_
4-5	260-262	of	place[18]	new[18]	_	_
4-6	263-266	the	place[18]|person[19]	new[18]|new[19]	_	_
4-7	267-272	River	place[18]|person[19]	new[18]|new[19]	_	_
4-8	273-278	Lagan	place[18]|place[20]	new[18]|new[20]	_	_
4-9	279-281	on	place[18]|place[20]	new[18]|new[20]	_	_
4-10	282-289	Belfast	place[18]|place[20]|place|person[22]	new[18]|new[20]|giv|new[22]	coref|coref|coref|coref	4-13|42-10[277_22]|4-13|42-10[277_22]
4-11	290-295	Lough	place[18]|place[20]|person[22]	new[18]|new[20]|new[22]	_	_
4-12	296-297	,	place[18]|place[20]|person[22]	new[18]|new[20]|new[22]	_	_
4-13	298-305	Belfast	place[18]|place[20]|person[22]|place	new[18]|new[20]|new[22]|giv	coref	5-7
4-14	306-308	is	_	_	_	_
4-15	309-319	surrounded	_	_	_	_
4-16	320-322	by	_	_	_	_
4-17	323-326	low	object[24]	new[24]	_	_
4-18	327-332	hills	object[24]	new[24]	_	_
4-19	333-336	and	_	_	_	_
4-20	337-340	has	_	_	_	_
4-21	341-342	a	abstract[25]	new[25]	_	_
4-22	343-353	population	abstract[25]	new[25]	_	_
4-23	354-356	of	abstract[25]	new[25]	_	_
4-24	357-364	267,500	abstract[25]|quantity	new[25]|new	_	_
4-25	365-366	.	_	_	_	_

#Text=This figure refers only to the Belfast City Council area whose borders date back to the 1950s .
5-1	367-371	This	abstract[27]	new[27]	_	_
5-2	372-378	figure	abstract[27]	new[27]	_	_
5-3	379-385	refers	_	_	_	_
5-4	386-390	only	_	_	_	_
5-5	391-393	to	_	_	_	_
5-6	394-397	the	place[30]	new[30]	_	_
5-7	398-405	Belfast	place|place[30]	giv|new[30]	coref	6-12
5-8	406-410	City	organization[29]|place[30]	new[29]|new[30]	_	_
5-9	411-418	Council	organization[29]|place[30]	new[29]|new[30]	_	_
5-10	419-423	area	place[30]	new[30]	_	_
5-11	424-429	whose	place[31]	new[31]	_	_
5-12	430-437	borders	place[31]	new[31]	_	_
5-13	438-442	date	_	_	_	_
5-14	443-447	back	_	_	_	_
5-15	448-450	to	_	_	_	_
5-16	451-454	the	time[32]	new[32]	_	_
5-17	455-460	1950s	time[32]	new[32]	_	_
5-18	461-462	.	_	_	_	_

#Text=Since then the city has expanded and the population of the Belfast Metropolitan Urban Area which incorporates the surrounding suburbs and towns is 483,000 .
6-1	463-468	Since	_	_	_	_
6-2	469-473	then	_	_	_	_
6-3	474-477	the	place[33]	giv[33]	coref	8-23[51_33]
6-4	478-482	city	place[33]	giv[33]	_	_
6-5	483-486	has	_	_	_	_
6-6	487-495	expanded	_	_	_	_
6-7	496-499	and	_	_	_	_
6-8	500-503	the	abstract[34]	new[34]	_	_
6-9	504-514	population	abstract[34]	new[34]	_	_
6-10	515-517	of	abstract[34]	new[34]	_	_
6-11	518-521	the	abstract[34]|place[37]	new[34]|new[37]	_	_
6-12	522-529	Belfast	abstract[34]|place|place[37]	new[34]|giv|new[37]	coref	8-1
6-13	530-542	Metropolitan	abstract[34]|place[37]	new[34]|new[37]	_	_
6-14	543-548	Urban	abstract[34]|organization|place[37]	new[34]|new|new[37]	_	_
6-15	549-553	Area	abstract[34]|place[37]	new[34]|new[37]	_	_
6-16	554-559	which	_	_	_	_
6-17	560-572	incorporates	_	_	_	_
6-18	573-576	the	place[38]	new[38]	_	_
6-19	577-588	surrounding	place[38]	new[38]	_	_
6-20	589-596	suburbs	place[38]	new[38]	_	_
6-21	597-600	and	_	_	_	_
6-22	601-606	towns	place	new	_	_
6-23	607-609	is	_	_	_	_
6-24	610-617	483,000	quantity	new	_	_
6-25	618-619	.	_	_	_	_

#Text=Understand
7-1	620-630	Understand	_	_	_	_

#Text=Belfast gained notoriety around the world during The Troubles ( 1969-1997 ) due to the frequency of gun and bomb attacks in the city .
8-1	631-638	Belfast	place	giv	coref	9-3
8-2	639-645	gained	_	_	_	_
8-3	646-655	notoriety	abstract	new	_	_
8-4	656-662	around	_	_	_	_
8-5	663-666	the	place[43]	new[43]	coref	10-19[63_43]
8-6	667-672	world	place[43]	new[43]	_	_
8-7	673-679	during	_	_	_	_
8-8	680-683	The	event[44]	new[44]	_	_
8-9	684-692	Troubles	event[44]	new[44]	_	_
8-10	693-694	(	_	_	_	_
8-11	695-704	1969-1997	time	new	_	_
8-12	705-706	)	_	_	_	_
8-13	707-710	due	_	_	_	_
8-14	711-713	to	_	_	_	_
8-15	714-717	the	abstract[46]	new[46]	_	_
8-16	718-727	frequency	abstract[46]	new[46]	_	_
8-17	728-730	of	abstract[46]	new[46]	_	_
8-18	731-734	gun	abstract[46]|object|person[48]	new[46]|new|new[48]	ana|ana	13-1[0_48]|13-1[0_48]
8-19	735-738	and	abstract[46]|person[48]	new[46]|new[48]	_	_
8-20	739-743	bomb	abstract[46]|person[48]|object|abstract[50]	new[46]|new[48]|new|new[50]	_	_
8-21	744-751	attacks	abstract[46]|person[48]|abstract[50]	new[46]|new[48]|new[50]	_	_
8-22	752-754	in	abstract[46]|person[48]|abstract[50]	new[46]|new[48]|new[50]	_	_
8-23	755-758	the	abstract[46]|person[48]|abstract[50]|place[51]	new[46]|new[48]|new[50]|giv[51]	coref	12-10[71_51]
8-24	759-763	city	abstract[46]|person[48]|abstract[50]|place[51]	new[46]|new[48]|new[50]|giv[51]	_	_
8-25	764-765	.	_	_	_	_

#Text=Parts of Belfast were effectively no-go areas for security forces and therefore took on a lawless quality .
9-1	766-771	Parts	place[52]	new[52]	coref	9-5[54_52]
9-2	772-774	of	place[52]	new[52]	_	_
9-3	775-782	Belfast	place[52]|place	new[52]|giv	coref	10-6[59_0]
9-4	783-787	were	_	_	_	_
9-5	788-799	effectively	place[54]	giv[54]	_	_
9-6	800-805	no-go	place[54]	giv[54]	_	_
9-7	806-811	areas	place[54]	giv[54]	_	_
9-8	812-815	for	place[54]	giv[54]	_	_
9-9	816-824	security	place[54]|organization[55]	giv[54]|new[55]	_	_
9-10	825-831	forces	place[54]|organization[55]	giv[54]|new[55]	_	_
9-11	832-835	and	_	_	_	_
9-12	836-845	therefore	_	_	_	_
9-13	846-850	took	_	_	_	_
9-14	851-853	on	_	_	_	_
9-15	854-855	a	abstract[56]	new[56]	ana	10-11[0_56]
9-16	856-863	lawless	abstract[56]	new[56]	_	_
9-17	864-871	quality	abstract[56]	new[56]	_	_
9-18	872-873	.	_	_	_	_

#Text=Today , the scars of Belfast 's troubled past make it an intriguing destination for travellers from around the world .
10-1	874-879	Today	time	new	_	_
10-2	880-881	,	_	_	_	_
10-3	882-885	the	abstract[58]	new[58]	_	_
10-4	886-891	scars	abstract[58]	new[58]	_	_
10-5	892-894	of	abstract[58]	new[58]	_	_
10-6	895-902	Belfast	abstract[58]|place[59]|time[60]	new[58]|giv[59]|new[60]	coref|coref	12-1[0_59]|12-1[0_59]
10-7	903-905	's	abstract[58]|place[59]|time[60]	new[58]|giv[59]|new[60]	_	_
10-8	906-914	troubled	abstract[58]|time[60]	new[58]|new[60]	_	_
10-9	915-919	past	abstract[58]|time[60]	new[58]|new[60]	_	_
10-10	920-924	make	_	_	_	_
10-11	925-927	it	abstract	giv	_	_
10-12	928-930	an	_	_	_	_
10-13	931-941	intriguing	_	_	_	_
10-14	942-953	destination	_	_	_	_
10-15	954-957	for	_	_	_	_
10-16	958-968	travellers	person[62]	new[62]	_	_
10-17	969-973	from	person[62]	new[62]	_	_
10-18	974-980	around	person[62]	new[62]	_	_
10-19	981-984	the	person[62]|place[63]	new[62]|giv[63]	coref	12-42[80_63]
10-20	985-990	world	person[62]|place[63]	new[62]|giv[63]	_	_
10-21	991-992	.	_	_	_	_

#Text=Since the signing of the Good Friday Agreement in 1998 , most of the politically-motivated violence has evaporated .
11-1	993-998	Since	_	_	_	_
11-2	999-1002	the	event[64]	new[64]	_	_
11-3	1003-1010	signing	event[64]	new[64]	_	_
11-4	1011-1013	of	event[64]	new[64]	_	_
11-5	1014-1017	the	event[64]|event[66]	new[64]|new[66]	_	_
11-6	1018-1022	Good	event[64]|event[66]	new[64]|new[66]	_	_
11-7	1023-1029	Friday	event[64]|person|event[66]	new[64]|new|new[66]	_	_
11-8	1030-1039	Agreement	event[64]|event[66]	new[64]|new[66]	_	_
11-9	1040-1042	in	event[64]	new[64]	_	_
11-10	1043-1047	1998	event[64]|time	new[64]|new	_	_
11-11	1048-1049	,	_	_	_	_
11-12	1050-1054	most	abstract[68]	new[68]	coref	23-19[0_68]
11-13	1055-1057	of	abstract[68]	new[68]	_	_
11-14	1058-1061	the	abstract[68]	new[68]	_	_
11-15	1062-1083	politically-motivated	abstract[68]	new[68]	_	_
11-16	1084-1092	violence	abstract[68]	new[68]	_	_
11-17	1093-1096	has	_	_	_	_
11-18	1097-1107	evaporated	_	_	_	_
11-19	1108-1109	.	_	_	_	_

#Text=Belfast has since been awarded the accolade of being the safest city in the UK , based on a comparison of nation-wide crime figures , and , as part of its commitment to maintain peace , now seeks tourism from around the world , especially from countries other than the Irish Republic and the rest of the UK .
12-1	1110-1117	Belfast	place	giv	coref	13-5
12-2	1118-1121	has	_	_	_	_
12-3	1122-1127	since	_	_	_	_
12-4	1128-1132	been	_	_	_	_
12-5	1133-1140	awarded	_	_	_	_
12-6	1141-1144	the	abstract[70]	new[70]	_	_
12-7	1145-1153	accolade	abstract[70]	new[70]	_	_
12-8	1154-1156	of	abstract[70]	new[70]	_	_
12-9	1157-1162	being	abstract[70]	new[70]	_	_
12-10	1163-1166	the	abstract[70]|place[71]	new[70]|giv[71]	ana	12-31[0_71]
12-11	1167-1173	safest	abstract[70]|place[71]	new[70]|giv[71]	_	_
12-12	1174-1178	city	abstract[70]|place[71]	new[70]|giv[71]	_	_
12-13	1179-1181	in	abstract[70]|place[71]	new[70]|giv[71]	_	_
12-14	1182-1185	the	abstract[70]|place[71]|place[72]	new[70]|giv[71]|new[72]	coref	12-57[84_72]
12-15	1186-1188	UK	abstract[70]|place[71]|place[72]	new[70]|giv[71]|new[72]	_	_
12-16	1189-1190	,	_	_	_	_
12-17	1191-1196	based	_	_	_	_
12-18	1197-1199	on	_	_	_	_
12-19	1200-1201	a	abstract[73]	new[73]	_	_
12-20	1202-1212	comparison	abstract[73]	new[73]	_	_
12-21	1213-1215	of	abstract[73]	new[73]	_	_
12-22	1216-1227	nation-wide	abstract[73]|abstract[75]	new[73]|new[75]	_	_
12-23	1228-1233	crime	abstract[73]|event|abstract[75]	new[73]|new|new[75]	_	_
12-24	1234-1241	figures	abstract[73]|abstract[75]	new[73]|new[75]	_	_
12-25	1242-1243	,	_	_	_	_
12-26	1244-1247	and	_	_	_	_
12-27	1248-1249	,	_	_	_	_
12-28	1250-1252	as	_	_	_	_
12-29	1253-1257	part	_	_	_	_
12-30	1258-1260	of	_	_	_	_
12-31	1261-1264	its	place|abstract[77]	giv|new[77]	coref|coref	13-11[87_0]|13-11[87_0]
12-32	1265-1275	commitment	abstract[77]	new[77]	_	_
12-33	1276-1278	to	_	_	_	_
12-34	1279-1287	maintain	_	_	_	_
12-35	1288-1293	peace	abstract	new	coref	20-14[151_0]
12-36	1294-1295	,	_	_	_	_
12-37	1296-1299	now	_	_	_	_
12-38	1300-1305	seeks	_	_	_	_
12-39	1306-1313	tourism	abstract	new	coref	17-1
12-40	1314-1318	from	_	_	_	_
12-41	1319-1325	around	_	_	_	_
12-42	1326-1329	the	place[80]	giv[80]	coref	21-44[171_80]
12-43	1330-1335	world	place[80]	giv[80]	_	_
12-44	1336-1337	,	_	_	_	_
12-45	1338-1348	especially	place[81]	new[81]	_	_
12-46	1349-1353	from	place[81]	new[81]	_	_
12-47	1354-1363	countries	place[81]	new[81]	_	_
12-48	1364-1369	other	place[81]	new[81]	_	_
12-49	1370-1374	than	_	_	_	_
12-50	1375-1378	the	place[82]	giv[82]	_	_
12-51	1379-1384	Irish	place[82]	giv[82]	_	_
12-52	1385-1393	Republic	place[82]	giv[82]	_	_
12-53	1394-1397	and	_	_	_	_
12-54	1398-1401	the	place[83]	new[83]	_	_
12-55	1402-1406	rest	place[83]	new[83]	_	_
12-56	1407-1409	of	place[83]	new[83]	_	_
12-57	1410-1413	the	place[83]|place[84]	new[83]|giv[84]	coref	13-37[92_84]
12-58	1414-1416	UK	place[83]|place[84]	new[83]|giv[84]	_	_
12-59	1417-1418	.	_	_	_	_

#Text=Those who live in Belfast tend to either absolutely love the city or loathe it , although the outsider 's perspective tends to be more forgiving , as Belfast was voted the fourth best city in the UK for a city break in the Guardian / Observer travel awards .
13-1	1419-1424	Those	person	giv	_	_
13-2	1425-1428	who	_	_	_	_
13-3	1429-1433	live	_	_	_	_
13-4	1434-1436	in	_	_	_	_
13-5	1437-1444	Belfast	place	giv	coref	13-29
13-6	1445-1449	tend	_	_	_	_
13-7	1450-1452	to	_	_	_	_
13-8	1453-1459	either	_	_	_	_
13-9	1460-1470	absolutely	_	_	_	_
13-10	1471-1475	love	_	_	_	_
13-11	1476-1479	the	place[87]	giv[87]	ana	13-15[0_87]
13-12	1480-1484	city	place[87]	giv[87]	_	_
13-13	1485-1487	or	_	_	_	_
13-14	1488-1494	loathe	_	_	_	_
13-15	1495-1497	it	place	giv	coref	13-41
13-16	1498-1499	,	_	_	_	_
13-17	1500-1508	although	_	_	_	_
13-18	1509-1512	the	abstract[90]	new[90]	_	_
13-19	1513-1521	outsider	person[89]|abstract[90]	new[89]|new[90]	_	_
13-20	1522-1524	's	person[89]|abstract[90]	new[89]|new[90]	_	_
13-21	1525-1536	perspective	abstract[90]	new[90]	_	_
13-22	1537-1542	tends	_	_	_	_
13-23	1543-1545	to	_	_	_	_
13-24	1546-1548	be	_	_	_	_
13-25	1549-1553	more	_	_	_	_
13-26	1554-1563	forgiving	_	_	_	_
13-27	1564-1565	,	_	_	_	_
13-28	1566-1568	as	_	_	_	_
13-29	1569-1576	Belfast	place	giv	coref	14-8
13-30	1577-1580	was	_	_	_	_
13-31	1581-1586	voted	_	_	_	_
13-32	1587-1590	the	_	_	_	_
13-33	1591-1597	fourth	_	_	_	_
13-34	1598-1602	best	_	_	_	_
13-35	1603-1607	city	_	_	_	_
13-36	1608-1610	in	_	_	_	_
13-37	1611-1614	the	place[92]	giv[92]	coref	42-23[282_92]
13-38	1615-1617	UK	place[92]	giv[92]	_	_
13-39	1618-1621	for	_	_	_	_
13-40	1622-1623	a	event[94]	new[94]	coref	17-19[124_94]
13-41	1624-1628	city	place|event[94]	giv|new[94]	coref	14-16[101_0]
13-42	1629-1634	break	event[94]	new[94]	_	_
13-43	1635-1637	in	event[94]	new[94]	_	_
13-44	1638-1641	the	event[94]|abstract[97]	new[94]|new[97]	_	_
13-45	1642-1650	Guardian	event[94]|organization|abstract[97]	new[94]|new|new[97]	_	_
13-46	1651-1652	/	event[94]|abstract[97]	new[94]|new[97]	_	_
13-47	1653-1661	Observer	event[94]|abstract[97]	new[94]|new[97]	_	_
13-48	1662-1668	travel	event[94]|abstract|abstract[97]	new[94]|new|new[97]	_	_
13-49	1669-1675	awards	event[94]|abstract[97]	new[94]|new[97]	_	_
13-50	1676-1677	.	_	_	_	_

#Text=Needless to say , a visit to Belfast will be rewarded by a glimpse of a unique city that has finally begun to celebrate , rather than fight over , its place as a cultural meeting-point of Britain and Ireland .
14-1	1678-1686	Needless	_	_	_	_
14-2	1687-1689	to	_	_	_	_
14-3	1690-1693	say	_	_	_	_
14-4	1694-1695	,	_	_	_	_
14-5	1696-1697	a	event[98]	new[98]	coref	19-1[139_98]
14-6	1698-1703	visit	event[98]	new[98]	_	_
14-7	1704-1706	to	event[98]	new[98]	_	_
14-8	1707-1714	Belfast	event[98]|place	new[98]|giv	coref	15-1
14-9	1715-1719	will	_	_	_	_
14-10	1720-1722	be	_	_	_	_
14-11	1723-1731	rewarded	_	_	_	_
14-12	1732-1734	by	_	_	_	_
14-13	1735-1736	a	abstract[100]	new[100]	_	_
14-14	1737-1744	glimpse	abstract[100]	new[100]	_	_
14-15	1745-1747	of	abstract[100]	new[100]	_	_
14-16	1748-1749	a	abstract[100]|place[101]	new[100]|giv[101]	coref	14-31[102_101]
14-17	1750-1756	unique	abstract[100]|place[101]	new[100]|giv[101]	_	_
14-18	1757-1761	city	abstract[100]|place[101]	new[100]|giv[101]	_	_
14-19	1762-1766	that	_	_	_	_
14-20	1767-1770	has	_	_	_	_
14-21	1771-1778	finally	_	_	_	_
14-22	1779-1784	begun	_	_	_	_
14-23	1785-1787	to	_	_	_	_
14-24	1788-1797	celebrate	_	_	_	_
14-25	1798-1799	,	_	_	_	_
14-26	1800-1806	rather	_	_	_	_
14-27	1807-1811	than	_	_	_	_
14-28	1812-1817	fight	_	_	_	_
14-29	1818-1822	over	_	_	_	_
14-30	1823-1824	,	_	_	_	_
14-31	1825-1828	its	place[102]	giv[102]	coref	18-3[130_102]
14-32	1829-1834	place	place[102]	giv[102]	_	_
14-33	1835-1837	as	place[102]	giv[102]	_	_
14-34	1838-1839	a	place[102]	giv[102]	_	_
14-35	1840-1848	cultural	place[102]	giv[102]	_	_
14-36	1849-1862	meeting-point	place[102]	giv[102]	_	_
14-37	1863-1865	of	place[102]	giv[102]	_	_
14-38	1866-1873	Britain	place[102]|place	giv[102]|new	coref	22-43
14-39	1874-1877	and	place[102]	giv[102]	_	_
14-40	1878-1885	Ireland	place[102]|place	giv[102]|giv	coref	17-7[122_0]
14-41	1886-1887	.	_	_	_	_

#Text=Belfast is certainly exhibiting an air of determined optimism , with new hotels , bars , restaurants , clubs and shops opening at an incredible rate .
15-1	1888-1895	Belfast	place	giv	ana	16-1
15-2	1896-1898	is	_	_	_	_
15-3	1899-1908	certainly	_	_	_	_
15-4	1909-1919	exhibiting	_	_	_	_
15-5	1920-1922	an	abstract[106]	new[106]	_	_
15-6	1923-1926	air	abstract[106]	new[106]	_	_
15-7	1927-1929	of	abstract[106]	new[106]	_	_
15-8	1930-1940	determined	abstract[106]|abstract[107]	new[106]|new[107]	_	_
15-9	1941-1949	optimism	abstract[106]|abstract[107]	new[106]|new[107]	_	_
15-10	1950-1951	,	abstract[106]	new[106]	_	_
15-11	1952-1956	with	abstract[106]	new[106]	_	_
15-12	1957-1960	new	abstract[106]|place[108]	new[106]|new[108]	_	_
15-13	1961-1967	hotels	abstract[106]|place[108]	new[106]|new[108]	_	_
15-14	1968-1969	,	abstract[106]	new[106]	_	_
15-15	1970-1974	bars	abstract[106]|place	new[106]|new	coref	21-24
15-16	1975-1976	,	abstract[106]	new[106]	_	_
15-17	1977-1988	restaurants	abstract[106]|place	new[106]|new	_	_
15-18	1989-1990	,	abstract[106]	new[106]	_	_
15-19	1991-1996	clubs	abstract[106]|place	new[106]|new	_	_
15-20	1997-2000	and	abstract[106]	new[106]	_	_
15-21	2001-2006	shops	abstract[106]|place	new[106]|new	_	_
15-22	2007-2014	opening	abstract[106]	new[106]	_	_
15-23	2015-2017	at	_	_	_	_
15-24	2018-2020	an	abstract[113]	new[113]	_	_
15-25	2021-2031	incredible	abstract[113]	new[113]	_	_
15-26	2032-2036	rate	abstract[113]	new[113]	_	_
15-27	2037-2038	.	_	_	_	_

#Text=It is a city that is proud of its Victorian and Edwardian heritage and efforts to restore historic buildings are proving successful .
16-1	2039-2041	It	place	giv	coref	16-3[115_0]
16-2	2042-2044	is	_	_	_	_
16-3	2045-2046	a	place[115]	giv[115]	ana	16-9[0_115]
16-4	2047-2051	city	place[115]	giv[115]	_	_
16-5	2052-2056	that	_	_	_	_
16-6	2057-2059	is	_	_	_	_
16-7	2060-2065	proud	_	_	_	_
16-8	2066-2068	of	_	_	_	_
16-9	2069-2072	its	place|abstract[117]	giv|new[117]	coref|coref	17-23|17-23
16-10	2073-2082	Victorian	abstract[117]	new[117]	_	_
16-11	2083-2086	and	abstract[117]	new[117]	_	_
16-12	2087-2096	Edwardian	abstract[117]	new[117]	_	_
16-13	2097-2105	heritage	abstract[117]	new[117]	_	_
16-14	2106-2109	and	_	_	_	_
16-15	2110-2117	efforts	event	new	_	_
16-16	2118-2120	to	_	_	_	_
16-17	2121-2128	restore	_	_	_	_
16-18	2129-2137	historic	object[119]	new[119]	_	_
16-19	2138-2147	buildings	object[119]	new[119]	_	_
16-20	2148-2151	are	_	_	_	_
16-21	2152-2159	proving	_	_	_	_
16-22	2160-2170	successful	_	_	_	_
16-23	2171-2172	.	_	_	_	_

#Text=Tourism is on the increase in Northern Ireland , especially among those seeking a weekend away or short break in Ireland as Belfast can offer a significantly cheaper and more rewarding alternative to the busier , more expensive and more tourist-driven Dublin .
17-1	2173-2180	Tourism	abstract	giv	_	_
17-2	2181-2183	is	_	_	_	_
17-3	2184-2186	on	_	_	_	_
17-4	2187-2190	the	abstract[121]	new[121]	_	_
17-5	2191-2199	increase	abstract[121]	new[121]	_	_
17-6	2200-2202	in	abstract[121]	new[121]	_	_
17-7	2203-2211	Northern	abstract[121]|place[122]	new[121]|giv[122]	coref	17-21[0_122]
17-8	2212-2219	Ireland	abstract[121]|place[122]	new[121]|giv[122]	_	_
17-9	2220-2221	,	abstract[121]	new[121]	_	_
17-10	2222-2232	especially	abstract[121]	new[121]	_	_
17-11	2233-2238	among	abstract[121]	new[121]	_	_
17-12	2239-2244	those	abstract[121]	new[121]	_	_
17-13	2245-2252	seeking	_	_	_	_
17-14	2253-2254	a	time[123]	new[123]	_	_
17-15	2255-2262	weekend	time[123]	new[123]	_	_
17-16	2263-2267	away	_	_	_	_
17-17	2268-2270	or	_	_	_	_
17-18	2271-2276	short	_	_	_	_
17-19	2277-2282	break	event[124]	giv[124]	_	_
17-20	2283-2285	in	event[124]	giv[124]	_	_
17-21	2286-2293	Ireland	event[124]|place	giv[124]|giv	coref	19-7[141_0]
17-22	2294-2296	as	_	_	_	_
17-23	2297-2304	Belfast	place	giv	coref	18-1
17-24	2305-2308	can	_	_	_	_
17-25	2309-2314	offer	_	_	_	_
17-26	2315-2316	a	abstract[127]	new[127]	_	_
17-27	2317-2330	significantly	abstract[127]	new[127]	_	_
17-28	2331-2338	cheaper	abstract[127]	new[127]	_	_
17-29	2339-2342	and	abstract[127]	new[127]	_	_
17-30	2343-2347	more	abstract[127]	new[127]	_	_
17-31	2348-2357	rewarding	abstract[127]	new[127]	_	_
17-32	2358-2369	alternative	abstract[127]	new[127]	_	_
17-33	2370-2372	to	abstract[127]	new[127]	_	_
17-34	2373-2376	the	abstract[127]	new[127]	_	_
17-35	2377-2383	busier	abstract[127]	new[127]	_	_
17-36	2384-2385	,	abstract[127]	new[127]	_	_
17-37	2386-2390	more	abstract[127]|place[128]	new[127]|giv[128]	coref	18-20[0_128]
17-38	2391-2400	expensive	abstract[127]|place[128]	new[127]|giv[128]	_	_
17-39	2401-2404	and	abstract[127]|place[128]	new[127]|giv[128]	_	_
17-40	2405-2409	more	abstract[127]|place[128]	new[127]|giv[128]	_	_
17-41	2410-2424	tourist-driven	abstract[127]|place[128]	new[127]|giv[128]	_	_
17-42	2425-2431	Dublin	abstract[127]|place[128]	new[127]|giv[128]	_	_
17-43	2432-2433	.	_	_	_	_

#Text=Belfast remains a great place to explore , as it is still relatively undiscovered compared with its neighbour in Dublin and is ideal for the tourist who enjoys a city with character , yet still has a raw , unspoilt energy .
18-1	2434-2441	Belfast	place	giv	ana	18-10
18-2	2442-2449	remains	_	_	_	_
18-3	2450-2451	a	place[130]	giv[130]	_	_
18-4	2452-2457	great	place[130]	giv[130]	_	_
18-5	2458-2463	place	place[130]	giv[130]	_	_
18-6	2464-2466	to	_	_	_	_
18-7	2467-2474	explore	_	_	_	_
18-8	2475-2476	,	_	_	_	_
18-9	2477-2479	as	_	_	_	_
18-10	2480-2482	it	place	giv	ana	18-17
18-11	2483-2485	is	_	_	_	_
18-12	2486-2491	still	_	_	_	_
18-13	2492-2502	relatively	_	_	_	_
18-14	2503-2515	undiscovered	_	_	_	_
18-15	2516-2524	compared	_	_	_	_
18-16	2525-2529	with	_	_	_	_
18-17	2530-2533	its	place|place[133]	giv|new[133]	coref|coref	18-29[136_0]|18-29[136_0]
18-18	2534-2543	neighbour	place[133]	new[133]	_	_
18-19	2544-2546	in	place[133]	new[133]	_	_
18-20	2547-2553	Dublin	place[133]|place	new[133]|giv	coref	22-36
18-21	2554-2557	and	_	_	_	_
18-22	2558-2560	is	_	_	_	_
18-23	2561-2566	ideal	_	_	_	_
18-24	2567-2570	for	_	_	_	_
18-25	2571-2574	the	person[135]	new[135]	coref	28-21[0_135]
18-26	2575-2582	tourist	person[135]	new[135]	_	_
18-27	2583-2586	who	_	_	_	_
18-28	2587-2593	enjoys	_	_	_	_
18-29	2594-2595	a	place[136]	giv[136]	coref	21-19[165_136]
18-30	2596-2600	city	place[136]	giv[136]	_	_
18-31	2601-2605	with	_	_	_	_
18-32	2606-2615	character	abstract	new	_	_
18-33	2616-2617	,	_	_	_	_
18-34	2618-2621	yet	_	_	_	_
18-35	2622-2627	still	_	_	_	_
18-36	2628-2631	has	_	_	_	_
18-37	2632-2633	a	abstract[138]	new[138]	_	_
18-38	2634-2637	raw	abstract[138]	new[138]	_	_
18-39	2638-2639	,	abstract[138]	new[138]	_	_
18-40	2640-2648	unspoilt	abstract[138]	new[138]	_	_
18-41	2649-2655	energy	abstract[138]	new[138]	_	_
18-42	2656-2657	.	_	_	_	_

#Text=A visit to the capital of Northern Ireland will provide a more stimulating trip as , once you scratch the surface , it is easy to see beyond the ethno-political conflict of past years .
19-1	2658-2659	A	event[139]	giv[139]	_	_
19-2	2660-2665	visit	event[139]	giv[139]	_	_
19-3	2666-2668	to	event[139]	giv[139]	_	_
19-4	2669-2672	the	event[139]|place[140]	giv[139]|giv[140]	_	_
19-5	2673-2680	capital	event[139]|place[140]	giv[139]|giv[140]	_	_
19-6	2681-2683	of	event[139]|place[140]	giv[139]|giv[140]	_	_
19-7	2684-2692	Northern	event[139]|place[140]|place[141]	giv[139]|giv[140]|giv[141]	coref	42-26[0_141]
19-8	2693-2700	Ireland	event[139]|place[140]|place[141]	giv[139]|giv[140]|giv[141]	_	_
19-9	2701-2705	will	_	_	_	_
19-10	2706-2713	provide	_	_	_	_
19-11	2714-2715	a	event[142]	new[142]	coref	22-10[180_142]
19-12	2716-2720	more	event[142]	new[142]	_	_
19-13	2721-2732	stimulating	event[142]	new[142]	_	_
19-14	2733-2737	trip	event[142]	new[142]	_	_
19-15	2738-2740	as	_	_	_	_
19-16	2741-2742	,	_	_	_	_
19-17	2743-2747	once	_	_	_	_
19-18	2748-2751	you	person	acc	ana	20-19
19-19	2752-2759	scratch	_	_	_	_
19-20	2760-2763	the	place[144]	new[144]	ana	19-23[0_144]
19-21	2764-2771	surface	place[144]	new[144]	_	_
19-22	2772-2773	,	_	_	_	_
19-23	2774-2776	it	place	giv	ana	20-1
19-24	2777-2779	is	_	_	_	_
19-25	2780-2784	easy	_	_	_	_
19-26	2785-2787	to	_	_	_	_
19-27	2788-2791	see	_	_	_	_
19-28	2792-2798	beyond	_	_	_	_
19-29	2799-2802	the	abstract[146]	new[146]	_	_
19-30	2803-2818	ethno-political	abstract[146]	new[146]	_	_
19-31	2819-2827	conflict	abstract[146]	new[146]	_	_
19-32	2828-2830	of	abstract[146]	new[146]	_	_
19-33	2831-2835	past	abstract[146]|time[147]	new[146]|new[147]	_	_
19-34	2836-2841	years	abstract[146]|time[147]	new[146]|new[147]	_	_
19-35	2842-2843	.	_	_	_	_

#Text=It is a city which has changed dramatically in a decade due to this peace and prosperity and you will be greeted with warmth from locals who feel a new-found sense of pride in their city .
20-1	2844-2846	It	place	giv	coref	20-3[149_0]
20-2	2847-2849	is	_	_	_	_
20-3	2850-2851	a	place[149]	giv[149]	coref	20-35[160_149]
20-4	2852-2856	city	place[149]	giv[149]	_	_
20-5	2857-2862	which	_	_	_	_
20-6	2863-2866	has	_	_	_	_
20-7	2867-2874	changed	_	_	_	_
20-8	2875-2887	dramatically	_	_	_	_
20-9	2888-2890	in	_	_	_	_
20-10	2891-2892	a	time[150]	new[150]	_	_
20-11	2893-2899	decade	time[150]	new[150]	_	_
20-12	2900-2903	due	time[150]	new[150]	_	_
20-13	2904-2906	to	_	_	_	_
20-14	2907-2911	this	abstract[151]|abstract[152]	giv[151]|new[152]	ana|ana	22-5[0_152]|22-5[0_152]
20-15	2912-2917	peace	abstract[151]|abstract[152]	giv[151]|new[152]	_	_
20-16	2918-2921	and	abstract[152]	new[152]	_	_
20-17	2922-2932	prosperity	abstract[152]|abstract	new[152]|new	_	_
20-18	2933-2936	and	_	_	_	_
20-19	2937-2940	you	person	giv	ana	21-7
20-20	2941-2945	will	_	_	_	_
20-21	2946-2948	be	_	_	_	_
20-22	2949-2956	greeted	_	_	_	_
20-23	2957-2961	with	_	_	_	_
20-24	2962-2968	warmth	abstract	new	_	_
20-25	2969-2973	from	_	_	_	_
20-26	2974-2980	locals	person	new	ana	20-35
20-27	2981-2984	who	_	_	_	_
20-28	2985-2989	feel	_	_	_	_
20-29	2990-2991	a	abstract[157]	new[157]	_	_
20-30	2992-3001	new-found	abstract[157]	new[157]	_	_
20-31	3002-3007	sense	abstract[157]	new[157]	_	_
20-32	3008-3010	of	abstract[157]	new[157]	_	_
20-33	3011-3016	pride	abstract[157]|abstract[158]	new[157]|new[158]	_	_
20-34	3017-3019	in	abstract[157]|abstract[158]	new[157]|new[158]	_	_
20-35	3020-3025	their	abstract[157]|abstract[158]|person|place[160]	new[157]|new[158]|giv|giv[160]	coref|coref|coref|coref	21-30[168_0]|28-9[218_160]|21-30[168_0]|28-9[218_160]
20-36	3026-3030	city	abstract[157]|abstract[158]|place[160]	new[157]|new[158]|giv[160]	_	_
20-37	3031-3032	.	_	_	_	_

#Text=Indeed , the old cliche that you will be welcomed like an old friend by the patrons of Belfast 's many pubs and bars is actually true , as the locals love to find out what draws you to their little part of the world and , of course , they like the chance to share a little bit of their history with you !
21-1	3033-3039	Indeed	_	_	_	_
21-2	3040-3041	,	_	_	_	_
21-3	3042-3045	the	abstract[161]	new[161]	_	_
21-4	3046-3049	old	abstract[161]	new[161]	_	_
21-5	3050-3056	cliche	abstract[161]	new[161]	_	_
21-6	3057-3061	that	abstract[161]	new[161]	_	_
21-7	3062-3065	you	abstract[161]|person	new[161]|giv	ana	21-38
21-8	3066-3070	will	abstract[161]	new[161]	_	_
21-9	3071-3073	be	abstract[161]	new[161]	_	_
21-10	3074-3082	welcomed	abstract[161]	new[161]	_	_
21-11	3083-3087	like	_	_	_	_
21-12	3088-3090	an	person[163]	new[163]	_	_
21-13	3091-3094	old	person[163]	new[163]	_	_
21-14	3095-3101	friend	person[163]	new[163]	_	_
21-15	3102-3104	by	person[163]	new[163]	_	_
21-16	3105-3108	the	person[163]|person[164]	new[163]|new[164]	_	_
21-17	3109-3116	patrons	person[163]|person[164]	new[163]|new[164]	_	_
21-18	3117-3119	of	person[163]|person[164]	new[163]|new[164]	_	_
21-19	3120-3127	Belfast	person[163]|person[164]|place[165]|place[166]	new[163]|new[164]|giv[165]|new[166]	coref|coref	22-13[0_165]|22-13[0_165]
21-20	3128-3130	's	person[163]|person[164]|place[165]|place[166]	new[163]|new[164]|giv[165]|new[166]	_	_
21-21	3131-3135	many	person[163]|person[164]|place[166]	new[163]|new[164]|new[166]	_	_
21-22	3136-3140	pubs	person[163]|person[164]|place[166]	new[163]|new[164]|new[166]	_	_
21-23	3141-3144	and	person[163]|person[164]	new[163]|new[164]	_	_
21-24	3145-3149	bars	person[163]|person[164]|object	new[163]|new[164]|giv	_	_
21-25	3150-3152	is	_	_	_	_
21-26	3153-3161	actually	_	_	_	_
21-27	3162-3166	true	_	_	_	_
21-28	3167-3168	,	_	_	_	_
21-29	3169-3171	as	_	_	_	_
21-30	3172-3175	the	person[168]	giv[168]	ana	21-40[0_168]
21-31	3176-3182	locals	person[168]	giv[168]	_	_
21-32	3183-3187	love	_	_	_	_
21-33	3188-3190	to	_	_	_	_
21-34	3191-3195	find	_	_	_	_
21-35	3196-3199	out	_	_	_	_
21-36	3200-3204	what	_	_	_	_
21-37	3205-3210	draws	_	_	_	_
21-38	3211-3214	you	person	giv	ana	21-64
21-39	3215-3217	to	_	_	_	_
21-40	3218-3223	their	person	giv	ana	21-51
21-41	3224-3230	little	_	_	_	_
21-42	3231-3235	part	_	_	_	_
21-43	3236-3238	of	_	_	_	_
21-44	3239-3242	the	place[171]	giv[171]	_	_
21-45	3243-3248	world	place[171]	giv[171]	_	_
21-46	3249-3252	and	_	_	_	_
21-47	3253-3254	,	_	_	_	_
21-48	3255-3257	of	_	_	_	_
21-49	3258-3264	course	_	_	_	_
21-50	3265-3266	,	_	_	_	_
21-51	3267-3271	they	person	giv	ana	21-61
21-52	3272-3276	like	_	_	_	_
21-53	3277-3280	the	abstract[173]	new[173]	_	_
21-54	3281-3287	chance	abstract[173]	new[173]	_	_
21-55	3288-3290	to	_	_	_	_
21-56	3291-3296	share	_	_	_	_
21-57	3297-3298	a	abstract[174]	new[174]	_	_
21-58	3299-3305	little	abstract[174]	new[174]	_	_
21-59	3306-3309	bit	abstract[174]	new[174]	_	_
21-60	3310-3312	of	abstract[174]	new[174]	_	_
21-61	3313-3318	their	abstract[174]|person|abstract[176]	new[174]|giv|new[176]	_	_
21-62	3319-3326	history	abstract[174]|abstract[176]	new[174]|new[176]	_	_
21-63	3327-3331	with	abstract[174]|abstract[176]	new[174]|new[176]	_	_
21-64	3332-3335	you	abstract[174]|abstract[176]|person	new[174]|new[176]|giv	ana	22-8
21-65	3336-3337	!	_	_	_	_

#Text=Ask any local and they will tell you that a trip to Belfast will mean that you learn far more about the Irish and British psyche than a trip to a cheesy Irish pub in Dublin or on a tourist-orientated tour in London .
22-1	3338-3341	Ask	_	_	_	_
22-2	3342-3345	any	_	_	_	_
22-3	3346-3351	local	_	_	_	_
22-4	3352-3355	and	_	_	_	_
22-5	3356-3360	they	abstract	giv	_	_
22-6	3361-3365	will	_	_	_	_
22-7	3366-3370	tell	_	_	_	_
22-8	3371-3374	you	person	giv	ana	22-17
22-9	3375-3379	that	_	_	_	_
22-10	3380-3381	a	event[180]	giv[180]	coref	22-28[184_180]
22-11	3382-3386	trip	event[180]	giv[180]	_	_
22-12	3387-3389	to	event[180]	giv[180]	_	_
22-13	3390-3397	Belfast	event[180]|place	giv[180]|giv	coref	23-17
22-14	3398-3402	will	_	_	_	_
22-15	3403-3407	mean	_	_	_	_
22-16	3408-3412	that	_	_	_	_
22-17	3413-3416	you	person	giv	ana	28-6
22-18	3417-3422	learn	_	_	_	_
22-19	3423-3426	far	_	_	_	_
22-20	3427-3431	more	_	_	_	_
22-21	3432-3437	about	_	_	_	_
22-22	3438-3441	the	abstract[183]	new[183]	_	_
22-23	3442-3447	Irish	abstract[183]	new[183]	_	_
22-24	3448-3451	and	abstract[183]	new[183]	_	_
22-25	3452-3459	British	abstract[183]	new[183]	_	_
22-26	3460-3466	psyche	abstract[183]	new[183]	_	_
22-27	3467-3471	than	abstract[183]	new[183]	_	_
22-28	3472-3473	a	abstract[183]|event[184]	new[183]|giv[184]	_	_
22-29	3474-3478	trip	abstract[183]|event[184]	new[183]|giv[184]	_	_
22-30	3479-3481	to	abstract[183]|event[184]	new[183]|giv[184]	_	_
22-31	3482-3483	a	abstract[183]|event[184]|place[185]	new[183]|giv[184]|new[185]	_	_
22-32	3484-3490	cheesy	abstract[183]|event[184]|place[185]	new[183]|giv[184]|new[185]	_	_
22-33	3491-3496	Irish	abstract[183]|event[184]|place[185]	new[183]|giv[184]|new[185]	_	_
22-34	3497-3500	pub	abstract[183]|event[184]|place[185]	new[183]|giv[184]|new[185]	_	_
22-35	3501-3503	in	abstract[183]|event[184]|place[185]	new[183]|giv[184]|new[185]	_	_
22-36	3504-3510	Dublin	abstract[183]|event[184]|place[185]|place	new[183]|giv[184]|new[185]|giv	coref	38-3
22-37	3511-3513	or	_	_	_	_
22-38	3514-3516	on	_	_	_	_
22-39	3517-3518	a	event[187]	new[187]	_	_
22-40	3519-3537	tourist-orientated	event[187]	new[187]	_	_
22-41	3538-3542	tour	event[187]	new[187]	_	_
22-42	3543-3545	in	event[187]	new[187]	_	_
22-43	3546-3552	London	event[187]|place	new[187]|giv	coref	45-2
22-44	3553-3554	.	_	_	_	_

#Text=Some recent events , mostly the flag protests , may have put people off going to Belfast but violence is minimal and more or less peaceful .
23-1	3555-3559	Some	event[189]	new[189]	_	_
23-2	3560-3566	recent	event[189]	new[189]	_	_
23-3	3567-3573	events	event[189]	new[189]	_	_
23-4	3574-3575	,	_	_	_	_
23-5	3576-3582	mostly	event[191]	new[191]	_	_
23-6	3583-3586	the	event[191]	new[191]	_	_
23-7	3587-3591	flag	object|event[191]	new|new[191]	_	_
23-8	3592-3600	protests	event[191]	new[191]	_	_
23-9	3601-3602	,	_	_	_	_
23-10	3603-3606	may	_	_	_	_
23-11	3607-3611	have	_	_	_	_
23-12	3612-3615	put	_	_	_	_
23-13	3616-3622	people	person	new	_	_
23-14	3623-3626	off	_	_	_	_
23-15	3627-3632	going	_	_	_	_
23-16	3633-3635	to	_	_	_	_
23-17	3636-3643	Belfast	place	giv	coref	24-5
23-18	3644-3647	but	_	_	_	_
23-19	3648-3656	violence	abstract	giv	_	_
23-20	3657-3659	is	_	_	_	_
23-21	3660-3667	minimal	_	_	_	_
23-22	3668-3671	and	_	_	_	_
23-23	3672-3676	more	_	_	_	_
23-24	3677-3679	or	_	_	_	_
23-25	3680-3684	less	_	_	_	_
23-26	3685-3693	peaceful	_	_	_	_
23-27	3694-3695	.	_	_	_	_

#Text=In recent times , Belfast has also gained some degree of international fame for being the production centre of the famous television series Game of Thrones .
24-1	3696-3698	In	_	_	_	_
24-2	3699-3705	recent	time[195]	new[195]	_	_
24-3	3706-3711	times	time[195]	new[195]	_	_
24-4	3712-3713	,	_	_	_	_
24-5	3714-3721	Belfast	place	giv	coref	26-2
24-6	3722-3725	has	_	_	_	_
24-7	3726-3730	also	_	_	_	_
24-8	3731-3737	gained	_	_	_	_
24-9	3738-3742	some	abstract[197]	new[197]	_	_
24-10	3743-3749	degree	abstract[197]	new[197]	_	_
24-11	3750-3752	of	abstract[197]	new[197]	_	_
24-12	3753-3766	international	abstract[197]|abstract[198]	new[197]|new[198]	_	_
24-13	3767-3771	fame	abstract[197]|abstract[198]	new[197]|new[198]	_	_
24-14	3772-3775	for	_	_	_	_
24-15	3776-3781	being	_	_	_	_
24-16	3782-3785	the	place[200]	new[200]	coref	26-2[208_200]
24-17	3786-3796	production	abstract|place[200]	new|new[200]	_	_
24-18	3797-3803	centre	place[200]	new[200]	_	_
24-19	3804-3806	of	place[200]	new[200]	_	_
24-20	3807-3810	the	place[200]|abstract[203]	new[200]|new[203]	_	_
24-21	3811-3817	famous	place[200]|abstract[203]	new[200]|new[203]	_	_
24-22	3818-3828	television	place[200]|abstract|abstract[203]	new[200]|new|new[203]	_	_
24-23	3829-3835	series	place[200]|abstract|abstract[203]	new[200]|new|new[203]	_	_
24-24	3836-3840	Game	place[200]|abstract[203]	new[200]|new[203]	_	_
24-25	3841-3843	of	place[200]|abstract[203]	new[200]|new[203]	_	_
24-26	3844-3851	Thrones	place[200]|abstract[203]|abstract	new[200]|new[203]|new	_	_
24-27	3852-3853	.	_	_	_	_

#Text=Tourist information
25-1	3854-3861	Tourist	abstract[205]	new[205]	coref	34-1[249_205]
25-2	3862-3873	information	abstract[205]	new[205]	_	_

#Text=Visit Belfast Welcome Centre
26-1	3874-3879	Visit	_	_	_	_
26-2	3880-3887	Belfast	place|place[208]	giv|giv[208]	coref|coref|coref|coref	29-1[225_208]|33-1[246_0]|29-1[225_208]|33-1[246_0]
26-3	3888-3895	Welcome	person|place[208]	new|giv[208]	coref	33-2
26-4	3896-3902	Centre	place[208]	giv[208]	_	_

#Text=, 9 Donegall Square North , BT1 5GB ( just north of City Hall ) , ☏ +442890246609 .
27-1	3903-3904	,	_	_	_	_
27-2	3905-3906	9	place[210]	new[210]	_	_
27-3	3907-3915	Donegall	place|place[210]	new|new[210]	_	_
27-4	3916-3922	Square	place[210]	new[210]	_	_
27-5	3923-3928	North	place[210]|abstract	new[210]|new	appos	27-17[215_0]
27-6	3929-3930	,	_	_	_	_
27-7	3931-3934	BT1	place|place[213]	new|new[213]	_	_
27-8	3935-3938	5GB	place[213]	new[213]	_	_
27-9	3939-3940	(	place[213]	new[213]	_	_
27-10	3941-3945	just	place[213]	new[213]	_	_
27-11	3946-3951	north	place[213]	new[213]	_	_
27-12	3952-3954	of	place[213]	new[213]	_	_
27-13	3955-3959	City	place[213]|place[214]	new[213]|new[214]	_	_
27-14	3960-3964	Hall	place[213]|place[214]	new[213]|new[214]	_	_
27-15	3965-3966	)	place[213]	new[213]	_	_
27-16	3967-3968	,	_	_	_	_
27-17	3969-3970	☏	abstract[215]	giv[215]	_	_
27-18	3971-3984	+442890246609	abstract[215]	giv[215]	_	_
27-19	3985-3986	.	_	_	_	_

#Text=To make the most of your time in the city your first point of contact should be the centrally located tourist information .
28-1	3987-3989	To	_	_	_	_
28-2	3990-3994	make	_	_	_	_
28-3	3995-3998	the	_	_	_	_
28-4	3999-4003	most	time[217]	new[217]	_	_
28-5	4004-4006	of	time[217]	new[217]	_	_
28-6	4007-4011	your	person|time[217]	giv|new[217]	ana	28-11
28-7	4012-4016	time	time[217]	new[217]	_	_
28-8	4017-4019	in	_	_	_	_
28-9	4020-4023	the	place[218]	giv[218]	coref	35-16[258_218]
28-10	4024-4028	city	place[218]	giv[218]	_	_
28-11	4029-4033	your	person|abstract[220]	giv|new[220]	coref|ana|coref|ana	28-18[223_220]|30-20|28-18[223_220]|30-20
28-12	4034-4039	first	abstract[220]	new[220]	_	_
28-13	4040-4045	point	abstract[220]	new[220]	_	_
28-14	4046-4048	of	abstract[220]	new[220]	_	_
28-15	4049-4056	contact	abstract[220]|abstract	new[220]|new	_	_
28-16	4057-4063	should	_	_	_	_
28-17	4064-4066	be	_	_	_	_
28-18	4067-4070	the	abstract[223]	giv[223]	coref	35-10[257_223]
28-19	4071-4080	centrally	abstract[223]	giv[223]	_	_
28-20	4081-4088	located	abstract[223]	giv[223]	_	_
28-21	4089-4096	tourist	person|abstract[223]	giv|giv[223]	_	_
28-22	4097-4108	information	abstract[223]	giv[223]	_	_
28-23	4109-4110	.	_	_	_	_

#Text=The first floor centre is accessible by elevator and escalator just to the left of the Boots Pharmacy .
29-1	4111-4114	The	place[225]	giv[225]	coref	34-5[251_225]
29-2	4115-4120	first	place[225]	giv[225]	_	_
29-3	4121-4126	floor	place|place[225]	new|giv[225]	_	_
29-4	4127-4133	centre	place[225]	giv[225]	_	_
29-5	4134-4136	is	_	_	_	_
29-6	4137-4147	accessible	_	_	_	_
29-7	4148-4150	by	_	_	_	_
29-8	4151-4159	elevator	place	new	_	_
29-9	4160-4163	and	_	_	_	_
29-10	4164-4173	escalator	place	new	_	_
29-11	4174-4178	just	abstract[228]	new[228]	_	_
29-12	4179-4181	to	abstract[228]	new[228]	_	_
29-13	4182-4185	the	abstract[228]	new[228]	_	_
29-14	4186-4190	left	abstract[228]	new[228]	_	_
29-15	4191-4193	of	abstract[228]	new[228]	_	_
29-16	4194-4197	the	abstract[228]|place[230]	new[228]|new[230]	_	_
29-17	4198-4203	Boots	abstract[228]|person|place[230]	new[228]|new|new[230]	_	_
29-18	4204-4212	Pharmacy	abstract[228]|place[230]	new[228]|new[230]	_	_
29-19	4213-4214	.	_	_	_	_

#Text=The staff can provide maps , book accommodation and tours , recommend itineraries and places of interest and sell you overpriced and tacky souvenirs .
30-1	4215-4218	The	person[231]	new[231]	_	_
30-2	4219-4224	staff	person[231]	new[231]	_	_
30-3	4225-4228	can	_	_	_	_
30-4	4229-4236	provide	_	_	_	_
30-5	4237-4241	maps	object	new	coref	35-4[255_0]
30-6	4242-4243	,	_	_	_	_
30-7	4244-4248	book	object|abstract[234]	new|new[234]	_	_
30-8	4249-4262	accommodation	abstract[234]	new[234]	_	_
30-9	4263-4266	and	_	_	_	_
30-10	4267-4272	tours	event	new	coref	35-8[256_0]
30-11	4273-4274	,	_	_	_	_
30-12	4275-4284	recommend	_	_	_	_
30-13	4285-4296	itineraries	object	new	_	_
30-14	4297-4300	and	_	_	_	_
30-15	4301-4307	places	place[237]	new[237]	_	_
30-16	4308-4310	of	place[237]	new[237]	_	_
30-17	4311-4319	interest	place[237]	new[237]	_	_
30-18	4320-4323	and	_	_	_	_
30-19	4324-4328	sell	_	_	_	_
30-20	4329-4332	you	person	giv	_	_
30-21	4333-4343	overpriced	object[239]	new[239]	_	_
30-22	4344-4347	and	object[239]	new[239]	_	_
30-23	4348-4353	tacky	object[239]	new[239]	_	_
30-24	4354-4363	souvenirs	object[239]	new[239]	_	_
30-25	4364-4365	.	_	_	_	_

#Text=There is also a useful left luggage facility .
31-1	4366-4371	There	_	_	_	_
31-2	4372-4374	is	_	_	_	_
31-3	4375-4379	also	_	_	_	_
31-4	4380-4381	a	place[241]	new[241]	_	_
31-5	4382-4388	useful	place[241]	new[241]	_	_
31-6	4389-4393	left	place[241]	new[241]	_	_
31-7	4394-4401	luggage	object|place[241]	new|new[241]	_	_
31-8	4402-4410	facility	place[241]	new[241]	_	_
31-9	4411-4412	.	_	_	_	_

#Text=Fáilte Feirste Thiar
32-1	4413-4419	Fáilte	person|event[243]	new|new[243]	_	_
32-2	4420-4427	Feirste	event[243]	new[243]	_	_
32-3	4428-4433	Thiar	event[243]	new[243]	_	_

#Text=( Welcome West Belfast ) , 217 Falls Rd , ☏ +4428 9024-1100 .
33-1	4434-4435	(	place[246]	giv[246]	coref	37-1[0_246]
33-2	4436-4443	Welcome	person|place[246]	giv|giv[246]	_	_
33-3	4444-4448	West	place|place[246]	new|giv[246]	_	_
33-4	4449-4456	Belfast	place[246]	giv[246]	_	_
33-5	4457-4458	)	place[246]	giv[246]	_	_
33-6	4459-4460	,	place[246]	giv[246]	_	_
33-7	4461-4464	217	place[246]|person[247]|place[248]	giv[246]|new[247]|new[248]	coref|coref	34-11[253_247]|34-11[253_247]
33-8	4465-4470	Falls	place[246]|person[247]|place[248]	giv[246]|new[247]|new[248]	_	_
33-9	4471-4473	Rd	place[246]|place[248]	giv[246]|new[248]	_	_
33-10	4474-4475	,	place[246]|place[248]	giv[246]|new[248]	_	_
33-11	4476-4477	☏	place[246]|place[248]	giv[246]|new[248]	_	_
33-12	4478-4483	+4428	place[246]|place[248]	giv[246]|new[248]	_	_
33-13	4484-4493	9024-1100	place[246]|place[248]	giv[246]|new[248]	_	_
33-14	4494-4495	.	_	_	_	_

#Text=Tourist Information office and welcome centre in the heart of the Falls .
34-1	4496-4503	Tourist	abstract[249]|place[250]	giv[249]|new[250]	coref|coref	35-1[254_250]|35-1[254_250]
34-2	4504-4515	Information	abstract[249]|place[250]	giv[249]|new[250]	_	_
34-3	4516-4522	office	place[250]	new[250]	_	_
34-4	4523-4526	and	_	_	_	_
34-5	4527-4534	welcome	place[251]	giv[251]	coref	41-9[272_251]
34-6	4535-4541	centre	place[251]	giv[251]	_	_
34-7	4542-4544	in	place[251]	giv[251]	_	_
34-8	4545-4548	the	place[251]|place[252]	giv[251]|new[252]	_	_
34-9	4549-4554	heart	place[251]|place[252]	giv[251]|new[252]	_	_
34-10	4555-4557	of	place[251]|place[252]	giv[251]|new[252]	_	_
34-11	4558-4561	the	place[251]|place[252]|person[253]	giv[251]|new[252]|giv[253]	_	_
34-12	4562-4567	Falls	place[251]|place[252]|person[253]	giv[251]|new[252]|giv[253]	_	_
34-13	4568-4569	.	_	_	_	_

#Text=The office distributes free maps , offers tours and general information about this part of the city .
35-1	4570-4573	The	place[254]	giv[254]	_	_
35-2	4574-4580	office	place[254]	giv[254]	_	_
35-3	4581-4592	distributes	_	_	_	_
35-4	4593-4597	free	object[255]	giv[255]	_	_
35-5	4598-4602	maps	object[255]	giv[255]	_	_
35-6	4603-4604	,	_	_	_	_
35-7	4605-4611	offers	_	_	_	_
35-8	4612-4617	tours	event[256]	giv[256]	_	_
35-9	4618-4621	and	event[256]	giv[256]	_	_
35-10	4622-4629	general	event[256]|abstract[257]	giv[256]|giv[257]	coref	55-8[0_257]
35-11	4630-4641	information	event[256]|abstract[257]	giv[256]|giv[257]	_	_
35-12	4642-4647	about	_	_	_	_
35-13	4648-4652	this	_	_	_	_
35-14	4653-4657	part	_	_	_	_
35-15	4658-4660	of	_	_	_	_
35-16	4661-4664	the	place[258]	giv[258]	coref	41-11[0_258]
35-17	4665-4669	city	place[258]	giv[258]	_	_
35-18	4670-4671	.	_	_	_	_

#Text=By plane
36-1	4672-4674	By	_	_	_	_
36-2	4675-4680	plane	object	new	_	_

#Text=Belfast has two airports .
37-1	4681-4688	Belfast	place	giv	coref	39-3
37-2	4689-4692	has	_	_	_	_
37-3	4693-4696	two	place[261]	new[261]	_	_
37-4	4697-4705	airports	place[261]	new[261]	_	_
37-5	4706-4707	.	_	_	_	_

#Text=Flying to Dublin is another option .
38-1	4708-4714	Flying	_	_	_	_
38-2	4715-4717	to	_	_	_	_
38-3	4718-4724	Dublin	place	giv	_	_
38-4	4725-4727	is	_	_	_	_
38-5	4728-4735	another	abstract[263]	new[263]	_	_
38-6	4736-4742	option	abstract[263]	new[263]	_	_
38-7	4743-4744	.	_	_	_	_

#Text=George Best Belfast City Airport
39-1	4745-4751	George	person[265]	new[265]	coref	40-1[267_265]
39-2	4752-4756	Best	person[265]	new[265]	_	_
39-3	4757-4764	Belfast	place|person[265]	giv|new[265]	coref	40-3
39-4	4765-4769	City	person[265]	new[265]	_	_
39-5	4770-4777	Airport	person[265]	new[265]	_	_

#Text=George Best Belfast City Airport
40-1	4778-4784	George	person[267]	giv[267]	_	_
40-2	4785-4789	Best	person[267]	giv[267]	_	_
40-3	4790-4797	Belfast	place|person[267]	giv|giv[267]	coref	41-9[270_0]
40-4	4798-4802	City	person[267]	giv[267]	_	_
40-5	4803-4810	Airport	person[267]	giv[267]	_	_

#Text=( BHD ) ( just two miles from Belfast 's city centre ) .
41-1	4811-4812	(	_	_	_	_
41-2	4813-4816	BHD	place	new	_	_
41-3	4817-4818	)	_	_	_	_
41-4	4819-4820	(	_	_	_	_
41-5	4821-4825	just	abstract[269]	new[269]	_	_
41-6	4826-4829	two	abstract[269]	new[269]	_	_
41-7	4830-4835	miles	abstract[269]	new[269]	_	_
41-8	4836-4840	from	abstract[269]	new[269]	_	_
41-9	4841-4848	Belfast	abstract[269]|place[270]|place[272]	new[269]|giv[270]|giv[272]	coref|coref|coref|coref	42-8[0_270]|53-8[339_272]|42-8[0_270]|53-8[339_272]
41-10	4849-4851	's	abstract[269]|place[270]|place[272]	new[269]|giv[270]|giv[272]	_	_
41-11	4852-4856	city	abstract[269]|place|place[272]	new[269]|giv|giv[272]	coref	42-5[274_0]
41-12	4857-4863	centre	abstract[269]|place[272]	new[269]|giv[272]	_	_
41-13	4864-4865	)	_	_	_	_
41-14	4866-4867	.	_	_	_	_

#Text=With magnificent views of the city of Belfast or Belfast Lough on approach and departure , the airport principally serves routes to domestic UK and Ireland ; however , British Airways has extensive worldwide connections through the OneWorld Alliance .
42-1	4868-4872	With	_	_	_	_
42-2	4873-4884	magnificent	abstract[273]	new[273]	_	_
42-3	4885-4890	views	abstract[273]	new[273]	_	_
42-4	4891-4893	of	abstract[273]	new[273]	_	_
42-5	4894-4897	the	abstract[273]|place[274]	new[273]|giv[274]	coref	51-4[0_274]
42-6	4898-4902	city	abstract[273]|place[274]	new[273]|giv[274]	_	_
42-7	4903-4905	of	abstract[273]|place[274]	new[273]|giv[274]	_	_
42-8	4906-4913	Belfast	abstract[273]|place[274]|place	new[273]|giv[274]|giv	coref	42-10
42-9	4914-4916	or	abstract[273]	new[273]	_	_
42-10	4917-4924	Belfast	abstract[273]|place|person[277]	new[273]|giv|giv[277]	coref|coref	53-8[336_0]|53-8[336_0]
42-11	4925-4930	Lough	abstract[273]|person[277]	new[273]|giv[277]	_	_
42-12	4931-4933	on	_	_	_	_
42-13	4934-4942	approach	event	new	_	_
42-14	4943-4946	and	_	_	_	_
42-15	4947-4956	departure	event	new	_	_
42-16	4957-4958	,	_	_	_	_
42-17	4959-4962	the	place[280]	new[280]	coref	43-3[289_280]
42-18	4963-4970	airport	place[280]	new[280]	_	_
42-19	4971-4982	principally	_	_	_	_
42-20	4983-4989	serves	_	_	_	_
42-21	4990-4996	routes	place	new	_	_
42-22	4997-4999	to	_	_	_	_
42-23	5000-5008	domestic	place[282]	giv[282]	_	_
42-24	5009-5011	UK	place[282]	giv[282]	_	_
42-25	5012-5015	and	_	_	_	_
42-26	5016-5023	Ireland	place	giv	_	_
42-27	5024-5025	;	_	_	_	_
42-28	5026-5033	however	_	_	_	_
42-29	5034-5035	,	_	_	_	_
42-30	5036-5043	British	organization[284]	new[284]	coref	46-1[297_284]
42-31	5044-5051	Airways	organization[284]	new[284]	_	_
42-32	5052-5055	has	_	_	_	_
42-33	5056-5065	extensive	event[285]	new[285]	_	_
42-34	5066-5075	worldwide	event[285]	new[285]	_	_
42-35	5076-5087	connections	event[285]	new[285]	_	_
42-36	5088-5095	through	_	_	_	_
42-37	5096-5099	the	organization[287]	new[287]	_	_
42-38	5100-5108	OneWorld	place|organization[287]	new|new[287]	_	_
42-39	5109-5117	Alliance	organization[287]	new[287]	_	_
42-40	5118-5119	.	_	_	_	_

#Text=Airlines using the airport include :
43-1	5120-5128	Airlines	organization	new	_	_
43-2	5129-5134	using	_	_	_	_
43-3	5135-5138	the	place[289]	giv[289]	coref	54-6[347_289]
43-4	5139-5146	airport	place[289]	giv[289]	_	_
43-5	5147-5154	include	_	_	_	_
43-6	5155-5156	:	_	_	_	_

#Text=Aer Lingus
44-1	5157-5160	Aer	organization[290]	new[290]	_	_
44-2	5161-5167	Lingus	organization[290]	new[290]	_	_

#Text=to London Heathrow , Gatwick , Faro , Malaga , Palma de Mallorca
45-1	5168-5170	to	_	_	_	_
45-2	5171-5177	London	place|place[292]	giv|new[292]	coref|coref|coref|coref	47-2|47-2[299_292]|47-2|47-2[299_292]
45-3	5178-5186	Heathrow	place[292]	new[292]	_	_
45-4	5187-5188	,	_	_	_	_
45-5	5189-5196	Gatwick	place	new	coref	51-28[319_0]
45-6	5197-5198	,	_	_	_	_
45-7	5199-5203	Faro	place	new	_	_
45-8	5204-5205	,	_	_	_	_
45-9	5206-5212	Malaga	place	new	_	_
45-10	5213-5214	,	_	_	_	_
45-11	5215-5220	Palma	place[296]	new[296]	_	_
45-12	5221-5223	de	place[296]	new[296]	_	_
45-13	5224-5232	Mallorca	place[296]	new[296]	_	_

#Text=British Airways
46-1	5233-5240	British	organization[297]	giv[297]	_	_
46-2	5241-5248	Airways	organization[297]	giv[297]	_	_

#Text=to London Heathrow
47-1	5249-5251	to	_	_	_	_
47-2	5252-5258	London	place|place[299]	giv|giv[299]	coref|coref	51-28|51-28
47-3	5259-5267	Heathrow	place[299]	giv[299]	_	_

#Text=Citywing
48-1	5268-5276	Citywing	place	new	_	_

#Text=to Blackpool , Gloucestershire , Isle of Man .
49-1	5277-5279	to	_	_	_	_
49-2	5280-5289	Blackpool	place	new	_	_
49-3	5290-5291	,	_	_	_	_
49-4	5292-5307	Gloucestershire	place	new	_	_
49-5	5308-5309	,	_	_	_	_
49-6	5310-5314	Isle	place[303]	new[303]	_	_
49-7	5315-5317	of	place[303]	new[303]	_	_
49-8	5318-5321	Man	place[303]	new[303]	_	_
49-9	5322-5323	.	_	_	_	_

#Text=flybe
50-1	5324-5329	flybe	organization	new	_	_

#Text=to Aberdeen , Birmingham , Bristol , Cardiff , Doncaster , Edinburgh , Exeter , Glasgow , Guernsey , Inverness , Jersey , Leeds/Bradford , Liverpool , London Gatwick , Newcastle , Nottingham EMA , Paris , Southampton , Manchester and Rennes .
51-1	5330-5332	to	_	_	_	_
51-2	5333-5341	Aberdeen	place	new	_	_
51-3	5342-5343	,	_	_	_	_
51-4	5344-5354	Birmingham	place	giv	coref	51-36
51-5	5355-5356	,	_	_	_	_
51-6	5357-5364	Bristol	place	new	_	_
51-7	5365-5366	,	_	_	_	_
51-8	5367-5374	Cardiff	place	new	_	_
51-9	5375-5376	,	_	_	_	_
51-10	5377-5386	Doncaster	place	new	_	_
51-11	5387-5388	,	_	_	_	_
51-12	5389-5398	Edinburgh	place	new	_	_
51-13	5399-5400	,	_	_	_	_
51-14	5401-5407	Exeter	place	new	_	_
51-15	5408-5409	,	_	_	_	_
51-16	5410-5417	Glasgow	place	new	_	_
51-17	5418-5419	,	_	_	_	_
51-18	5420-5428	Guernsey	place	new	_	_
51-19	5429-5430	,	_	_	_	_
51-20	5431-5440	Inverness	place	new	_	_
51-21	5441-5442	,	_	_	_	_
51-22	5443-5449	Jersey	place	new	_	_
51-23	5450-5451	,	_	_	_	_
51-24	5452-5466	Leeds/Bradford	place	new	_	_
51-25	5467-5468	,	_	_	_	_
51-26	5469-5478	Liverpool	place	new	_	_
51-27	5479-5480	,	_	_	_	_
51-28	5481-5487	London	place|place[319]	giv|giv[319]	_	_
51-29	5488-5495	Gatwick	place[319]	giv[319]	_	_
51-30	5496-5497	,	_	_	_	_
51-31	5498-5507	Newcastle	place	new	_	_
51-32	5508-5509	,	_	_	_	_
51-33	5510-5520	Nottingham	place|place[322]	new|new[322]	_	_
51-34	5521-5524	EMA	place[322]	new[322]	_	_
51-35	5525-5526	,	_	_	_	_
51-36	5527-5532	Paris	place	giv	coref	60-8[381_0]
51-37	5533-5534	,	_	_	_	_
51-38	5535-5546	Southampton	place	new	_	_
51-39	5547-5548	,	_	_	_	_
51-40	5549-5559	Manchester	place	new	_	_
51-41	5560-5563	and	_	_	_	_
51-42	5564-5570	Rennes	place	new	_	_
51-43	5571-5572	.	_	_	_	_

#Text=The terminal is served every 20-30 minutes from 06:00 to 22:00 by the Metro 600 bus ( £2.50 single , £3.80 return ) .
52-1	5573-5576	The	place[327]	new[327]	_	_
52-2	5577-5585	terminal	place[327]	new[327]	_	_
52-3	5586-5588	is	_	_	_	_
52-4	5589-5595	served	_	_	_	_
52-5	5596-5601	every	time[328]	new[328]	coref	53-20[344_328]
52-6	5602-5607	20-30	time[328]	new[328]	_	_
52-7	5608-5615	minutes	time[328]	new[328]	_	_
52-8	5616-5620	from	_	_	_	_
52-9	5621-5626	06:00	time	new	_	_
52-10	5627-5629	to	_	_	_	_
52-11	5630-5635	22:00	time	new	_	_
52-12	5636-5638	by	_	_	_	_
52-13	5639-5642	the	place[331]	new[331]	_	_
52-14	5643-5648	Metro	place[331]	new[331]	_	_
52-15	5649-5652	600	object[332]	new[332]	coref	56-6[362_332]
52-16	5653-5656	bus	object[332]	new[332]	_	_
52-17	5657-5658	(	_	_	_	_
52-18	5659-5664	£2.50	_	_	_	_
52-19	5665-5671	single	_	_	_	_
52-20	5672-5673	,	_	_	_	_
52-21	5674-5679	£3.80	event[333]	new[333]	_	_
52-22	5680-5686	return	event[333]	new[333]	_	_
52-23	5687-5688	)	_	_	_	_
52-24	5689-5690	.	_	_	_	_

#Text=Depending on traffic , the journey to Belfast 's Laganside Bus Centre and Europa Bus Centre should take no more than 15 minutes .
53-1	5691-5700	Depending	_	_	_	_
53-2	5701-5703	on	_	_	_	_
53-3	5704-5711	traffic	abstract	new	_	_
53-4	5712-5713	,	_	_	_	_
53-5	5714-5717	the	event[335]	new[335]	_	_
53-6	5718-5725	journey	event[335]	new[335]	_	_
53-7	5726-5728	to	event[335]	new[335]	_	_
53-8	5729-5736	Belfast	event[335]|place[336]|place[339]	new[335]|giv[336]|giv[339]	coref|coref	57-5[0_336]|57-5[0_336]
53-9	5737-5739	's	event[335]|place[336]|place[339]	new[335]|giv[336]|giv[339]	_	_
53-10	5740-5749	Laganside	event[335]|event|place[339]	new[335]|new|giv[339]	_	_
53-11	5750-5753	Bus	event[335]|person|place[339]	new[335]|new|giv[339]	coref	53-15
53-12	5754-5760	Centre	event[335]|place[339]	new[335]|giv[339]	_	_
53-13	5761-5764	and	event[335]	new[335]	_	_
53-14	5765-5771	Europa	event[335]|place|place[342]	new[335]|new|new[342]	_	_
53-15	5772-5775	Bus	event[335]|person|place[342]	new[335]|giv|new[342]	_	_
53-16	5776-5782	Centre	event[335]|place[342]	new[335]|new[342]	_	_
53-17	5783-5789	should	_	_	_	_
53-18	5790-5794	take	_	_	_	_
53-19	5795-5797	no	_	_	_	_
53-20	5798-5802	more	time[344]	giv[344]	_	_
53-21	5803-5807	than	time[344]	giv[344]	_	_
53-22	5808-5810	15	quantity|time[344]	new|giv[344]	_	_
53-23	5811-5818	minutes	time[344]	giv[344]	_	_
53-24	5819-5820	.	_	_	_	_

#Text=Alternatively , NIR trains serve the airport at Sydenham station twice an hour on the Portadown/Belfast/ Bangor line .
54-1	5821-5834	Alternatively	_	_	_	_
54-2	5835-5836	,	_	_	_	_
54-3	5837-5840	NIR	abstract|object[346]	new|new[346]	_	_
54-4	5841-5847	trains	object[346]	new[346]	_	_
54-5	5848-5853	serve	_	_	_	_
54-6	5854-5857	the	place[347]	giv[347]	coref	55-7[0_347]
54-7	5858-5865	airport	place[347]	giv[347]	_	_
54-8	5866-5868	at	place[347]	giv[347]	_	_
54-9	5869-5877	Sydenham	place[347]|place|place[349]	giv[347]|new|new[349]	coref|coref	55-16[360_349]|55-16[360_349]
54-10	5878-5885	station	place[347]|place[349]	giv[347]|new[349]	_	_
54-11	5886-5891	twice	time[350]	new[350]	_	_
54-12	5892-5894	an	time[350]	new[350]	_	_
54-13	5895-5899	hour	time[350]	new[350]	_	_
54-14	5900-5902	on	time[350]	new[350]	_	_
54-15	5903-5906	the	time[350]|place[353]	new[350]|new[353]	_	_
54-16	5907-5925	Portadown/Belfast/	time[350]|time|place[353]	new[350]|new|new[353]	_	_
54-17	5926-5932	Bangor	time[350]|place|place[353]	new[350]|new|new[353]	coref	58-4
54-18	5933-5937	line	time[350]|place[353]	new[350]|new[353]	_	_
54-19	5938-5939	.	_	_	_	_

#Text=Upon arrival , ask at the airport information desk for a free shuttle ride to the station .
55-1	5940-5944	Upon	_	_	_	_
55-2	5945-5952	arrival	event	new	_	_
55-3	5953-5954	,	_	_	_	_
55-4	5955-5958	ask	_	_	_	_
55-5	5959-5961	at	_	_	_	_
55-6	5962-5965	the	place[357]	new[357]	_	_
55-7	5966-5973	airport	place|place[357]	giv|new[357]	coref	56-15
55-8	5974-5985	information	abstract|place[357]	giv|new[357]	_	_
55-9	5986-5990	desk	place[357]	new[357]	_	_
55-10	5991-5994	for	_	_	_	_
55-11	5995-5996	a	event[359]	new[359]	_	_
55-12	5997-6001	free	event[359]	new[359]	_	_
55-13	6002-6009	shuttle	object|event[359]	new|new[359]	_	_
55-14	6010-6014	ride	event[359]	new[359]	_	_
55-15	6015-6017	to	event[359]	new[359]	_	_
55-16	6018-6021	the	event[359]|place[360]	new[359]|giv[360]	coref	56-21[367_360]
55-17	6022-6029	station	event[359]|place[360]	new[359]|giv[360]	_	_
55-18	6030-6031	.	_	_	_	_

#Text=If arriving by train , the courtesy bus may be requested just inside the airport perimeter across the bridge from Sydenham station .
56-1	6032-6034	If	_	_	_	_
56-2	6035-6043	arriving	_	_	_	_
56-3	6044-6046	by	_	_	_	_
56-4	6047-6052	train	object	new	_	_
56-5	6053-6054	,	_	_	_	_
56-6	6055-6058	the	object[362]	giv[362]	_	_
56-7	6059-6067	courtesy	object[362]	giv[362]	_	_
56-8	6068-6071	bus	object[362]	giv[362]	_	_
56-9	6072-6075	may	_	_	_	_
56-10	6076-6078	be	_	_	_	_
56-11	6079-6088	requested	_	_	_	_
56-12	6089-6093	just	place[364]	new[364]	_	_
56-13	6094-6100	inside	place[364]	new[364]	_	_
56-14	6101-6104	the	place[364]	new[364]	_	_
56-15	6105-6112	airport	place|place[364]	giv|new[364]	coref	61-17[389_0]
56-16	6113-6122	perimeter	place[364]	new[364]	_	_
56-17	6123-6129	across	_	_	_	_
56-18	6130-6133	the	place[365]	new[365]	_	_
56-19	6134-6140	bridge	place[365]	new[365]	_	_
56-20	6141-6145	from	place[365]	new[365]	_	_
56-21	6146-6154	Sydenham	place[365]|place|place[367]	new[365]|new|giv[367]	_	_
56-22	6155-6162	station	place[365]|place[367]	new[365]|giv[367]	_	_
56-23	6163-6164	.	_	_	_	_

#Text=A single fare to Belfast Central , Botanic , City Hospital or Great Victoria Street costs £1.90 .
57-1	6165-6166	A	abstract[368]	new[368]	_	_
57-2	6167-6173	single	abstract[368]	new[368]	_	_
57-3	6174-6178	fare	abstract[368]	new[368]	_	_
57-4	6179-6181	to	abstract[368]	new[368]	_	_
57-5	6182-6189	Belfast	abstract[368]|place|place[370]	new[368]|giv|new[370]	_	_
57-6	6190-6197	Central	abstract[368]|place[370]	new[368]|new[370]	_	_
57-7	6198-6199	,	abstract[368]	new[368]	_	_
57-8	6200-6207	Botanic	abstract[368]|place	new[368]|new	_	_
57-9	6208-6209	,	abstract[368]	new[368]	_	_
57-10	6210-6214	City	abstract[368]|place[372]	new[368]|new[372]	_	_
57-11	6215-6223	Hospital	abstract[368]|place[372]	new[368]|new[372]	_	_
57-12	6224-6226	or	abstract[368]	new[368]	_	_
57-13	6227-6232	Great	abstract[368]|place[373]	new[368]|new[373]	_	_
57-14	6233-6241	Victoria	abstract[368]|place[373]	new[368]|new[373]	_	_
57-15	6242-6248	Street	abstract[368]|place[373]	new[368]|new[373]	_	_
57-16	6249-6254	costs	_	_	_	_
57-17	6255-6260	£1.90	quantity	new	_	_
57-18	6261-6262	.	_	_	_	_

#Text=A single to Bangor costs £4.40 .
58-1	6263-6264	A	quantity[375]	new[375]	_	_
58-2	6265-6271	single	quantity[375]	new[375]	_	_
58-3	6272-6274	to	quantity[375]	new[375]	_	_
58-4	6275-6281	Bangor	quantity[375]|place	new[375]|giv	_	_
58-5	6282-6287	costs	_	_	_	_
58-6	6288-6293	£4.40	quantity	new	_	_
58-7	6294-6295	.	_	_	_	_

#Text=Taxis
59-1	6296-6301	Taxis	person	new	coref	61-8

#Text=cost approximately £10 to most parts of the city and are an economical choice for small groups .
60-1	6302-6306	cost	_	_	_	_
60-2	6307-6320	approximately	quantity[379]	new[379]	_	_
60-3	6321-6324	£10	quantity[379]	new[379]	_	_
60-4	6325-6327	to	_	_	_	_
60-5	6328-6332	most	place[380]	new[380]	_	_
60-6	6333-6338	parts	place[380]	new[380]	_	_
60-7	6339-6341	of	place[380]	new[380]	_	_
60-8	6342-6345	the	place[380]|place[381]	new[380]|giv[381]	_	_
60-9	6346-6350	city	place[380]|place[381]	new[380]|giv[381]	_	_
60-10	6351-6354	and	_	_	_	_
60-11	6355-6358	are	_	_	_	_
60-12	6359-6361	an	abstract[382]	new[382]	_	_
60-13	6362-6372	economical	abstract[382]	new[382]	_	_
60-14	6373-6379	choice	abstract[382]	new[382]	_	_
60-15	6380-6383	for	abstract[382]	new[382]	_	_
60-16	6384-6389	small	abstract[382]|person[383]	new[382]|new[383]	_	_
60-17	6390-6396	groups	abstract[382]|person[383]	new[382]|new[383]	_	_
60-18	6397-6398	.	_	_	_	_

#Text=There is a surcharge of £2 that taxis add on if you are taking one from the airport .
61-1	6399-6404	There	_	_	_	_
61-2	6405-6407	is	_	_	_	_
61-3	6408-6409	a	abstract[384]	new[384]	_	_
61-4	6410-6419	surcharge	abstract[384]	new[384]	_	_
61-5	6420-6422	of	abstract[384]	new[384]	_	_
61-6	6423-6425	£2	abstract[384]|quantity	new[384]|new	_	_
61-7	6426-6430	that	_	_	_	_
61-8	6431-6436	taxis	person	giv	_	_
61-9	6437-6440	add	_	_	_	_
61-10	6441-6443	on	_	_	_	_
61-11	6444-6446	if	_	_	_	_
61-12	6447-6450	you	person	acc	ana	62-9
61-13	6451-6454	are	_	_	_	_
61-14	6455-6461	taking	_	_	_	_
61-15	6462-6465	one	object	new	_	_
61-16	6466-6470	from	_	_	_	_
61-17	6471-6474	the	place[389]	giv[389]	_	_
61-18	6475-6482	airport	place[389]	giv[389]	_	_
61-19	6483-6484	.	_	_	_	_

#Text=Some drivers do n't make this clear until you 've reached your destination .
62-1	6485-6489	Some	person[390]	new[390]	_	_
62-2	6490-6497	drivers	person[390]	new[390]	_	_
62-3	6498-6500	do	_	_	_	_
62-4	6501-6504	n't	_	_	_	_
62-5	6505-6509	make	_	_	_	_
62-6	6510-6514	this	_	_	_	_
62-7	6515-6520	clear	_	_	_	_
62-8	6521-6526	until	_	_	_	_
62-9	6527-6530	you	person	giv	ana	62-12
62-10	6531-6534	've	_	_	_	_
62-11	6535-6542	reached	_	_	_	_
62-12	6543-6547	your	person|place[393]	giv|new[393]	_	_
62-13	6548-6559	destination	place[393]	new[393]	_	_
62-14	6560-6561	.	_	_	_	_
