#FORMAT=WebAnno TSV 3.2
#T_SP=webanno.custom.Referent|entity|infstat
#T_RL=webanno.custom.Coref|type|BT_webanno.custom.Referent


#Text=( (
1-1	0-1	(	_	_	_	_
1-2	2-3	(	_	_	_	_

#Text=WN
2-1	4-6	WN	organization	new	coref	12-1

#Text=) )
3-1	7-8	)	_	_	_	_
3-2	9-10	)	_	_	_	_

#Text=How long can you paint with your penis at one time before it gets too tiring ?
4-1	11-14	How	_	_	_	_
4-2	15-19	long	_	_	_	_
4-3	20-23	can	_	_	_	_
4-4	24-27	you	person	acc	ana	4-7
4-5	28-33	paint	_	_	_	_
4-6	34-38	with	_	_	_	_
4-7	39-43	your	person|object[4]	giv|new[4]	ana|ana|ana|ana	4-13[0_4]|14-3|4-13[0_4]|14-3
4-8	44-49	penis	object[4]	new[4]	_	_
4-9	50-52	at	_	_	_	_
4-10	53-56	one	time[5]	new[5]	_	_
4-11	57-61	time	time[5]	new[5]	_	_
4-12	62-68	before	_	_	_	_
4-13	69-71	it	object	giv	coref	14-3[35_0]
4-14	72-76	gets	_	_	_	_
4-15	77-80	too	_	_	_	_
4-16	81-87	tiring	_	_	_	_
4-17	88-89	?	_	_	_	_

#Text=Pricasso
5-1	90-98	Pricasso	object	new	coref	9-3

#Text=:
6-1	99-100	:	_	_	_	_

#Text=At most Sexpo 's and Adult Expos I paint for 13 hours a day in half slots so I paint 20 plus paintings a day .
7-1	101-103	At	_	_	_	_
7-2	104-108	most	person[8]|person[9]|event[11]	new[8]|new[9]|new[11]	ana|coref|ana|coref|ana|coref	22-6[0_9]|50-7[0_8]|22-6[0_9]|50-7[0_8]|22-6[0_9]|50-7[0_8]
7-3	109-114	Sexpo	person[8]|person[9]|event[11]	new[8]|new[9]|new[11]	_	_
7-4	115-117	's	person[8]|person[9]|event[11]	new[8]|new[9]|new[11]	_	_
7-5	118-121	and	person[9]|event[11]	new[9]|new[11]	_	_
7-6	122-127	Adult	person[9]|object|event[11]	new[9]|new|new[11]	_	_
7-7	128-133	Expos	event[11]	new[11]	_	_
7-8	134-135	I	person	acc	ana	7-19
7-9	136-141	paint	_	_	_	_
7-10	142-145	for	_	_	_	_
7-11	146-148	13	time[13]	new[13]	_	_
7-12	149-154	hours	time[13]	new[13]	_	_
7-13	155-156	a	time[14]	new[14]	coref	7-24[19_14]
7-14	157-160	day	time[14]	new[14]	_	_
7-15	161-163	in	_	_	_	_
7-16	164-168	half	quantity[15]	new[15]	_	_
7-17	169-174	slots	quantity[15]	new[15]	_	_
7-18	175-177	so	_	_	_	_
7-19	178-179	I	person	giv	ana	8-2
7-20	180-185	paint	_	_	_	_
7-21	186-188	20	quantity	new	_	_
7-22	189-193	plus	_	_	_	_
7-23	194-203	paintings	object	new	coref	27-13[83_0]
7-24	204-205	a	time[19]	giv[19]	_	_
7-25	206-209	day	time[19]	giv[19]	_	_
7-26	210-211	.	_	_	_	_

#Text=When I am painting I have to concentrate hard and go into a meditative state ; I do n't notice much going on around me until I have finished .
8-1	212-216	When	_	_	_	_
8-2	217-218	I	person	giv	ana	8-5
8-3	219-221	am	_	_	_	_
8-4	222-230	painting	_	_	_	_
8-5	231-232	I	person	giv	ana	8-17
8-6	233-237	have	_	_	_	_
8-7	238-240	to	_	_	_	_
8-8	241-252	concentrate	_	_	_	_
8-9	253-257	hard	_	_	_	_
8-10	258-261	and	_	_	_	_
8-11	262-264	go	_	_	_	_
8-12	265-269	into	_	_	_	_
8-13	270-271	a	abstract[22]	new[22]	_	_
8-14	272-282	meditative	abstract[22]	new[22]	_	_
8-15	283-288	state	abstract[22]	new[22]	_	_
8-16	289-290	;	_	_	_	_
8-17	291-292	I	person	giv	ana	8-25
8-18	293-295	do	_	_	_	_
8-19	296-299	n't	_	_	_	_
8-20	300-306	notice	_	_	_	_
8-21	307-311	much	_	_	_	_
8-22	312-317	going	_	_	_	_
8-23	318-320	on	_	_	_	_
8-24	321-327	around	_	_	_	_
8-25	328-330	me	person	giv	ana	8-27
8-26	331-336	until	_	_	_	_
8-27	337-338	I	person	giv	ana	16-2
8-28	339-343	have	_	_	_	_
8-29	344-352	finished	_	_	_	_
8-30	353-354	.	_	_	_	_

#Text=Example of Pricasso applying paint before creating a piece of artwork .
9-1	355-362	Example	abstract[26]	new[26]	_	_
9-2	363-365	of	abstract[26]	new[26]	_	_
9-3	366-374	Pricasso	abstract[26]|person	new[26]|giv	coref	10-3
9-4	375-383	applying	_	_	_	_
9-5	384-389	paint	substance	new	_	_
9-6	390-396	before	_	_	_	_
9-7	397-405	creating	_	_	_	_
9-8	406-407	a	object[29]	new[29]	_	_
9-9	408-413	piece	object[29]	new[29]	_	_
9-10	414-416	of	object[29]	new[29]	_	_
9-11	417-424	artwork	object[29]|abstract	new[29]|new	_	_
9-12	425-426	.	_	_	_	_

#Text=Image : Pricasso .
10-1	427-432	Image	object	new	_	_
10-2	433-434	:	_	_	_	_
10-3	435-443	Pricasso	abstract	giv	coref	15-1
10-4	444-445	.	_	_	_	_

#Text=( (
11-1	446-447	(	_	_	_	_
11-2	448-449	(	_	_	_	_

#Text=WN
12-1	450-452	WN	organization	giv	coref	18-1

#Text=) )
13-1	453-454	)	_	_	_	_
13-2	455-456	)	_	_	_	_

#Text=Other than your penis , what other parts of your body do you use in the painting process ?
14-1	457-462	Other	_	_	_	_
14-2	463-467	than	_	_	_	_
14-3	468-472	your	person|object[35]	giv|giv[35]	ana|ana	14-10|14-10
14-4	473-478	penis	object[35]	giv[35]	_	_
14-5	479-480	,	_	_	_	_
14-6	481-485	what	abstract[36]	new[36]	_	_
14-7	486-491	other	abstract[36]	new[36]	_	_
14-8	492-497	parts	abstract[36]	new[36]	_	_
14-9	498-500	of	abstract[36]	new[36]	_	_
14-10	501-505	your	abstract[36]|person|object[38]	new[36]|giv|new[38]	ana|ana	14-13|14-13
14-11	506-510	body	abstract[36]|object[38]	new[36]|new[38]	_	_
14-12	511-513	do	_	_	_	_
14-13	514-517	you	person	giv	ana	20-3
14-14	518-521	use	_	_	_	_
14-15	522-524	in	_	_	_	_
14-16	525-528	the	abstract[41]	new[41]	ana	16-10[0_41]
14-17	529-537	painting	object|abstract[41]	new|new[41]	coref	30-9[87_0]
14-18	538-545	process	abstract[41]	new[41]	_	_
14-19	546-547	?	_	_	_	_

#Text=Pricasso
15-1	548-556	Pricasso	object	giv	coref	20-7[64_0]

#Text=: I quickly worked out that I could speed it up by using my testicles and butt cheeks to cover large areas in no time at all , but only recently do I paint the edges using my butt-crack , I call it the credit card swipe !
16-1	557-558	:	_	_	_	_
16-2	559-560	I	person	giv	ana	16-7
16-3	561-568	quickly	_	_	_	_
16-4	569-575	worked	abstract	new	coref|none	44-38[146_0]|16-4
16-5	576-579	out	_	_	_	_
16-6	580-584	that	_	_	_	_
16-7	585-586	I	person	giv	ana	16-14
16-8	587-592	could	_	_	_	_
16-9	593-598	speed	_	_	_	_
16-10	599-601	it	abstract	giv	ana	16-43
16-11	602-604	up	_	_	_	_
16-12	605-607	by	_	_	_	_
16-13	608-613	using	_	_	_	_
16-14	614-616	my	person|object[47]	giv|new[47]	ana|ana	16-33|16-33
16-15	617-626	testicles	object[47]	new[47]	_	_
16-16	627-630	and	_	_	_	_
16-17	631-635	butt	object|object[49]	new|new[49]	_	_
16-18	636-642	cheeks	object[49]	new[49]	_	_
16-19	643-645	to	_	_	_	_
16-20	646-651	cover	_	_	_	_
16-21	652-657	large	place[50]	new[50]	_	_
16-22	658-663	areas	place[50]	new[50]	_	_
16-23	664-666	in	_	_	_	_
16-24	667-669	no	time[51]	new[51]	_	_
16-25	670-674	time	time[51]	new[51]	_	_
16-26	675-677	at	time[51]	new[51]	_	_
16-27	678-681	all	time[51]	new[51]	_	_
16-28	682-683	,	_	_	_	_
16-29	684-687	but	_	_	_	_
16-30	688-692	only	_	_	_	_
16-31	693-701	recently	_	_	_	_
16-32	702-704	do	_	_	_	_
16-33	705-706	I	person	giv	ana	16-38
16-34	707-712	paint	_	_	_	_
16-35	713-716	the	object[53]	new[53]	_	_
16-36	717-722	edges	object[53]	new[53]	_	_
16-37	723-728	using	_	_	_	_
16-38	729-731	my	person|object[55]	giv|new[55]	ana|ana	16-41|16-41
16-39	732-742	butt-crack	object[55]	new[55]	_	_
16-40	743-744	,	_	_	_	_
16-41	745-746	I	person	giv	ana	22-8
16-42	747-751	call	_	_	_	_
16-43	752-754	it	abstract	giv	_	_
16-44	755-758	the	event[60]	new[60]	_	_
16-45	759-765	credit	abstract|event[60]	new|new[60]	_	_
16-46	766-770	card	object|event[60]	new|new[60]	_	_
16-47	771-776	swipe	event[60]	new[60]	_	_
16-48	777-778	!	_	_	_	_

#Text=( (
17-1	779-780	(	_	_	_	_
17-2	781-782	(	_	_	_	_

#Text=WN
18-1	783-785	WN	organization	giv	coref	25-1

#Text=) )
19-1	786-787	)	_	_	_	_
19-2	788-789	)	_	_	_	_

#Text=How did you come up with the name Pricasso ?
20-1	790-793	How	_	_	_	_
20-2	794-797	did	_	_	_	_
20-3	798-801	you	person	giv	ana	27-7
20-4	802-806	come	_	_	_	_
20-5	807-809	up	_	_	_	_
20-6	810-814	with	_	_	_	_
20-7	815-818	the	abstract[64]	giv[64]	coref	21-1[0_64]
20-8	819-823	name	abstract|abstract[64]	new|giv[64]	_	_
20-9	824-832	Pricasso	abstract[64]	giv[64]	_	_
20-10	833-834	?	_	_	_	_

#Text=Pricasso
21-1	835-843	Pricasso	abstract	giv	ana	22-2

#Text=: That was the heading they christened me with in the Picture Magazine interview in 2006 .
22-1	844-845	:	_	_	_	_
22-2	846-850	That	abstract	giv	coref	28-1
22-3	851-854	was	_	_	_	_
22-4	855-858	the	_	_	_	_
22-5	859-866	heading	_	_	_	_
22-6	867-871	they	person	giv	_	_
22-7	872-882	christened	_	_	_	_
22-8	883-885	me	person	giv	ana	23-1
22-9	886-890	with	_	_	_	_
22-10	891-893	in	_	_	_	_
22-11	894-897	the	event[71]	new[71]	ana	23-3[0_71]
22-12	898-905	Picture	object|organization[70]|event[71]	new|new[70]|new[71]	_	_
22-13	906-914	Magazine	organization[70]|event[71]	new[70]|new[71]	_	_
22-14	915-924	interview	event[71]	new[71]	_	_
22-15	925-927	in	event[71]	new[71]	_	_
22-16	928-932	2006	event[71]|time	new[71]|new	_	_
22-17	933-934	.	_	_	_	_

#Text=I realised it was Gold and took out the website and trademark .
23-1	935-936	I	person	giv	ana	30-25
23-2	937-945	realised	_	_	_	_
23-3	946-948	it	event	giv	_	_
23-4	949-952	was	_	_	_	_
23-5	953-957	Gold	person	new	_	_
23-6	958-961	and	_	_	_	_
23-7	962-966	took	_	_	_	_
23-8	967-970	out	_	_	_	_
23-9	971-974	the	place[76]	new[76]	_	_
23-10	975-982	website	place[76]	new[76]	_	_
23-11	983-986	and	_	_	_	_
23-12	987-996	trademark	abstract	new	_	_
23-13	997-998	.	_	_	_	_

#Text=( (
24-1	999-1000	(	_	_	_	_
24-2	1001-1002	(	_	_	_	_

#Text=WN
25-1	1003-1005	WN	organization	giv	coref	33-1

#Text=) )
26-1	1006-1007	)	_	_	_	_
26-2	1008-1009	)	_	_	_	_

#Text=What 's the most positive reaction you 've had to one of your paintings ?
27-1	1010-1014	What	_	_	_	_
27-2	1015-1017	's	_	_	_	_
27-3	1018-1021	the	abstract[79]	new[79]	_	_
27-4	1022-1026	most	abstract[79]	new[79]	_	_
27-5	1027-1035	positive	abstract[79]	new[79]	_	_
27-6	1036-1044	reaction	abstract[79]	new[79]	_	_
27-7	1045-1048	you	person	giv	ana	27-13
27-8	1049-1052	've	_	_	_	_
27-9	1053-1056	had	_	_	_	_
27-10	1057-1059	to	_	_	_	_
27-11	1060-1063	one	object[81]	new[81]	_	_
27-12	1064-1066	of	object[81]	new[81]	_	_
27-13	1067-1071	your	object[81]|person|object[83]	new[81]|giv|giv[83]	ana|coref|ana|coref	35-4|35-4[108_83]|35-4|35-4[108_83]
27-14	1072-1081	paintings	object[81]|object[83]	new[81]|giv[83]	_	_
27-15	1082-1083	?	_	_	_	_

#Text=Pricasso
28-1	1084-1092	Pricasso	abstract	giv	ana	30-1

#Text=:
29-1	1093-1094	:	_	_	_	_

#Text=It is always satisfying to get applause when a painting is finished ; at most adult shows this happened all the time ; but I do like painting disabled people .
30-1	1095-1097	It	abstract	giv	ana	30-18
30-2	1098-1100	is	_	_	_	_
30-3	1101-1107	always	_	_	_	_
30-4	1108-1118	satisfying	_	_	_	_
30-5	1119-1121	to	_	_	_	_
30-6	1122-1125	get	_	_	_	_
30-7	1126-1134	applause	event	new	_	_
30-8	1135-1139	when	_	_	_	_
30-9	1140-1141	a	object[87]	giv[87]	_	_
30-10	1142-1150	painting	object[87]	giv[87]	_	_
30-11	1151-1153	is	_	_	_	_
30-12	1154-1162	finished	_	_	_	_
30-13	1163-1164	;	_	_	_	_
30-14	1165-1167	at	_	_	_	_
30-15	1168-1172	most	event[88]	new[88]	_	_
30-16	1173-1178	adult	event[88]	new[88]	_	_
30-17	1179-1184	shows	event[88]	new[88]	_	_
30-18	1185-1189	this	abstract	giv	coref	36-1
30-19	1190-1198	happened	_	_	_	_
30-20	1199-1202	all	_	_	_	_
30-21	1203-1206	the	_	_	_	_
30-22	1207-1211	time	_	_	_	_
30-23	1212-1213	;	_	_	_	_
30-24	1214-1217	but	_	_	_	_
30-25	1218-1219	I	person	giv	ana	31-1
30-26	1220-1222	do	_	_	_	_
30-27	1223-1227	like	_	_	_	_
30-28	1228-1236	painting	person[91]	new[91]	coref	31-4[93_91]
30-29	1237-1245	disabled	person[91]	new[91]	_	_
30-30	1246-1252	people	person[91]	new[91]	_	_
30-31	1253-1254	.	_	_	_	_

#Text=I have painted several people with severe cerebral palsy and they are over the moon with the result ; this gives me the most pleasure , as I do realise that they are still sexually active people and everyone should realise this .
31-1	1255-1256	I	person	giv	ana	31-22
31-2	1257-1261	have	_	_	_	_
31-3	1262-1269	painted	_	_	_	_
31-4	1270-1277	several	person[93]	giv[93]	ana	31-11[0_93]
31-5	1278-1284	people	person[93]	giv[93]	_	_
31-6	1285-1289	with	person[93]	giv[93]	_	_
31-7	1290-1296	severe	person[93]|abstract[94]	giv[93]|new[94]	_	_
31-8	1297-1305	cerebral	person[93]|abstract[94]	giv[93]|new[94]	_	_
31-9	1306-1311	palsy	person[93]|abstract[94]	giv[93]|new[94]	_	_
31-10	1312-1315	and	_	_	_	_
31-11	1316-1320	they	person	giv	ana	31-32
31-12	1321-1324	are	_	_	_	_
31-13	1325-1329	over	_	_	_	_
31-14	1330-1333	the	place[96]	new[96]	ana	31-20[0_96]
31-15	1334-1338	moon	place[96]	new[96]	_	_
31-16	1339-1343	with	place[96]	new[96]	_	_
31-17	1344-1347	the	place[96]|abstract[97]	new[96]|new[97]	_	_
31-18	1348-1354	result	place[96]|abstract[97]	new[96]|new[97]	_	_
31-19	1355-1356	;	_	_	_	_
31-20	1357-1361	this	place	giv	ana	31-42
31-21	1362-1367	gives	_	_	_	_
31-22	1368-1370	me	person	giv	ana	31-28
31-23	1371-1374	the	abstract[100]	new[100]	_	_
31-24	1375-1379	most	abstract[100]	new[100]	_	_
31-25	1380-1388	pleasure	abstract[100]	new[100]	_	_
31-26	1389-1390	,	_	_	_	_
31-27	1391-1393	as	_	_	_	_
31-28	1394-1395	I	person	giv	ana	37-2
31-29	1396-1398	do	_	_	_	_
31-30	1399-1406	realise	_	_	_	_
31-31	1407-1411	that	_	_	_	_
31-32	1412-1416	they	person	giv	coref	31-34[103_0]
31-33	1417-1420	are	_	_	_	_
31-34	1421-1426	still	person[103]	giv[103]	coref	45-6[150_103]
31-35	1427-1435	sexually	person[103]	giv[103]	_	_
31-36	1436-1442	active	person[103]	giv[103]	_	_
31-37	1443-1449	people	person[103]	giv[103]	_	_
31-38	1450-1453	and	person[103]	giv[103]	_	_
31-39	1454-1462	everyone	person[103]|person	giv[103]|new	_	_
31-40	1463-1469	should	person[103]	giv[103]	_	_
31-41	1470-1477	realise	person[103]	giv[103]	_	_
31-42	1478-1482	this	person[103]|abstract	giv[103]|giv	_	_
31-43	1483-1484	.	_	_	_	_

#Text=( (
32-1	1485-1486	(	_	_	_	_
32-2	1487-1488	(	_	_	_	_

#Text=WN
33-1	1489-1491	WN	organization	giv	coref	40-1

#Text=) )
34-1	1492-1493	)	_	_	_	_
34-2	1494-1495	)	_	_	_	_

#Text=Have any of your paintings been featured in a gallery somewhere ?
35-1	1496-1500	Have	_	_	_	_
35-2	1501-1504	any	_	_	_	_
35-3	1505-1507	of	_	_	_	_
35-4	1508-1512	your	person|object[108]	giv|giv[108]	ana|ana	42-2|42-2
35-5	1513-1522	paintings	object[108]	giv[108]	_	_
35-6	1523-1527	been	_	_	_	_
35-7	1528-1536	featured	_	_	_	_
35-8	1537-1539	in	_	_	_	_
35-9	1540-1541	a	place[109]	new[109]	_	_
35-10	1542-1549	gallery	place[109]	new[109]	_	_
35-11	1550-1559	somewhere	_	_	_	_
35-12	1560-1561	?	_	_	_	_

#Text=Pricasso
36-1	1562-1570	Pricasso	abstract	giv	coref	43-1

#Text=: I have entered the Bald Archy Exhibition in Australia every year and sold a few .
37-1	1571-1572	:	_	_	_	_
37-2	1573-1574	I	person	giv	ana	38-13
37-3	1575-1579	have	_	_	_	_
37-4	1580-1587	entered	_	_	_	_
37-5	1588-1591	the	event[114]	new[114]	coref	38-3[116_114]
37-6	1592-1596	Bald	person|event[114]	new|new[114]	_	_
37-7	1597-1602	Archy	person|event[114]	new|new[114]	_	_
37-8	1603-1613	Exhibition	event[114]	new[114]	_	_
37-9	1614-1616	in	_	_	_	_
37-10	1617-1626	Australia	place	new	coref	38-8
37-11	1627-1632	every	_	_	_	_
37-12	1633-1637	year	_	_	_	_
37-13	1638-1641	and	_	_	_	_
37-14	1642-1646	sold	_	_	_	_
37-15	1647-1648	a	_	_	_	_
37-16	1649-1652	few	_	_	_	_
37-17	1653-1654	.	_	_	_	_

#Text=Also at an exhibition of politicians in Australia , and last November I went to Miami for the Art undressed exhibition and also painted 15 minute portraits there which was fun .
38-1	1655-1659	Also	_	_	_	_
38-2	1660-1662	at	_	_	_	_
38-3	1663-1665	an	event[116]	giv[116]	coref	38-18[123_116]
38-4	1666-1676	exhibition	event[116]	giv[116]	_	_
38-5	1677-1679	of	event[116]	giv[116]	_	_
38-6	1680-1691	politicians	event[116]|person[117]	giv[116]|new[117]	_	_
38-7	1692-1694	in	event[116]|person[117]	giv[116]|new[117]	_	_
38-8	1695-1704	Australia	event[116]|person[117]|place	giv[116]|new[117]|giv	_	_
38-9	1705-1706	,	_	_	_	_
38-10	1707-1710	and	_	_	_	_
38-11	1711-1715	last	time[119]	new[119]	_	_
38-12	1716-1724	November	time[119]	new[119]	_	_
38-13	1725-1726	I	person	giv	ana	44-3
38-14	1727-1731	went	_	_	_	_
38-15	1732-1734	to	_	_	_	_
38-16	1735-1740	Miami	place	new	_	_
38-17	1741-1744	for	_	_	_	_
38-18	1745-1748	the	event[123]	giv[123]	_	_
38-19	1749-1752	Art	person|event[123]	new|giv[123]	_	_
38-20	1753-1762	undressed	event[123]	giv[123]	_	_
38-21	1763-1773	exhibition	event[123]	giv[123]	_	_
38-22	1774-1777	and	_	_	_	_
38-23	1778-1782	also	_	_	_	_
38-24	1783-1790	painted	_	_	_	_
38-25	1791-1793	15	object[124]	new[124]	_	_
38-26	1794-1800	minute	object[124]	new[124]	_	_
38-27	1801-1810	portraits	object[124]	new[124]	_	_
38-28	1811-1816	there	_	_	_	_
38-29	1817-1822	which	_	_	_	_
38-30	1823-1826	was	_	_	_	_
38-31	1827-1830	fun	_	_	_	_
38-32	1831-1832	.	_	_	_	_

#Text=( (
39-1	1833-1834	(	_	_	_	_
39-2	1835-1836	(	_	_	_	_

#Text=WN
40-1	1837-1839	WN	organization	giv	ana	42-4

#Text=) )
41-1	1840-1841	)	_	_	_	_
41-2	1842-1843	)	_	_	_	_

#Text=Do you consider it a form of freedom of expression to create your artwork in the way you do with your penis ?
42-1	1844-1846	Do	_	_	_	_
42-2	1847-1850	you	person	giv	ana	42-13
42-3	1851-1859	consider	_	_	_	_
42-4	1860-1862	it	organization	giv	coref	48-1
42-5	1863-1864	a	abstract[128]	new[128]	coref	45-13[152_128]
42-6	1865-1869	form	abstract[128]	new[128]	_	_
42-7	1870-1872	of	abstract[128]	new[128]	_	_
42-8	1873-1880	freedom	abstract[128]	new[128]	_	_
42-9	1881-1883	of	abstract[128]	new[128]	_	_
42-10	1884-1894	expression	abstract[128]|abstract	new[128]|new	_	_
42-11	1895-1897	to	_	_	_	_
42-12	1898-1904	create	_	_	_	_
42-13	1905-1909	your	person|object[131]	giv|new[131]	ana|ana	42-18|42-18
42-14	1910-1917	artwork	object[131]	new[131]	_	_
42-15	1918-1920	in	_	_	_	_
42-16	1921-1924	the	object[132]	new[132]	_	_
42-17	1925-1928	way	object[132]	new[132]	_	_
42-18	1929-1932	you	person	giv	ana	42-21
42-19	1933-1935	do	_	_	_	_
42-20	1936-1940	with	_	_	_	_
42-21	1941-1945	your	person|object[135]	giv|new[135]	ana|ana	50-13|50-13
42-22	1946-1951	penis	object[135]	new[135]	_	_
42-23	1952-1953	?	_	_	_	_

#Text=Pricasso
43-1	1954-1962	Pricasso	object	giv	_	_

#Text=: When I first thought of the idea I was really thinking I could get invited to a few parties as the entertainment which I do regularly , but now I am getting a good style about my work and want to take it to the next level and be accepted as an innovator .
44-1	1963-1964	:	_	_	_	_
44-2	1965-1969	When	_	_	_	_
44-3	1970-1971	I	person	giv	ana	44-9
44-4	1972-1977	first	_	_	_	_
44-5	1978-1985	thought	_	_	_	_
44-6	1986-1988	of	_	_	_	_
44-7	1989-1992	the	abstract[138]	new[138]	_	_
44-8	1993-1997	idea	abstract[138]	new[138]	_	_
44-9	1998-1999	I	person	giv	ana	44-13
44-10	2000-2003	was	_	_	_	_
44-11	2004-2010	really	_	_	_	_
44-12	2011-2019	thinking	_	_	_	_
44-13	2020-2021	I	person	giv	ana	44-25
44-14	2022-2027	could	_	_	_	_
44-15	2028-2031	get	_	_	_	_
44-16	2032-2039	invited	_	_	_	_
44-17	2040-2042	to	_	_	_	_
44-18	2043-2044	a	organization[141]	new[141]	_	_
44-19	2045-2048	few	organization[141]	new[141]	_	_
44-20	2049-2056	parties	organization[141]	new[141]	_	_
44-21	2057-2059	as	organization[141]	new[141]	_	_
44-22	2060-2063	the	organization[141]	new[141]	_	_
44-23	2064-2077	entertainment	organization[141]	new[141]	_	_
44-24	2078-2083	which	_	_	_	_
44-25	2084-2085	I	person	giv	ana	44-31
44-26	2086-2088	do	_	_	_	_
44-27	2089-2098	regularly	_	_	_	_
44-28	2099-2100	,	_	_	_	_
44-29	2101-2104	but	_	_	_	_
44-30	2105-2108	now	_	_	_	_
44-31	2109-2110	I	person	giv	ana	44-38
44-32	2111-2113	am	_	_	_	_
44-33	2114-2121	getting	_	_	_	_
44-34	2122-2123	a	abstract[144]	new[144]	_	_
44-35	2124-2128	good	abstract[144]	new[144]	_	_
44-36	2129-2134	style	abstract[144]	new[144]	_	_
44-37	2135-2140	about	abstract[144]	new[144]	_	_
44-38	2141-2143	my	abstract[144]|person|abstract[146]	new[144]|giv|new[146]	ana|ana	44-44[0_146]|44-44[0_146]
44-39	2144-2148	work	abstract[144]|abstract[146]	new[144]|new[146]	_	_
44-40	2149-2152	and	_	_	_	_
44-41	2153-2157	want	_	_	_	_
44-42	2158-2160	to	_	_	_	_
44-43	2161-2165	take	_	_	_	_
44-44	2166-2168	it	abstract	giv	_	_
44-45	2169-2171	to	_	_	_	_
44-46	2172-2175	the	abstract[148]	new[148]	_	_
44-47	2176-2180	next	abstract[148]	new[148]	_	_
44-48	2181-2186	level	abstract[148]	new[148]	_	_
44-49	2187-2190	and	_	_	_	_
44-50	2191-2193	be	_	_	_	_
44-51	2194-2202	accepted	_	_	_	_
44-52	2203-2205	as	_	_	_	_
44-53	2206-2208	an	_	_	_	_
44-54	2209-2218	innovator	_	_	_	_
44-55	2219-2220	.	_	_	_	_

#Text=A free society throws up these kinds of people , who exercise their freedom in unusual ways .
45-1	2221-2222	A	abstract[149]	new[149]	_	_
45-2	2223-2227	free	abstract[149]	new[149]	_	_
45-3	2228-2235	society	abstract[149]	new[149]	_	_
45-4	2236-2242	throws	_	_	_	_
45-5	2243-2245	up	_	_	_	_
45-6	2246-2251	these	person[150]	giv[150]	ana	45-13[0_150]
45-7	2252-2257	kinds	person[150]	giv[150]	_	_
45-8	2258-2260	of	person[150]	giv[150]	_	_
45-9	2261-2267	people	person[150]	giv[150]	_	_
45-10	2268-2269	,	_	_	_	_
45-11	2270-2273	who	_	_	_	_
45-12	2274-2282	exercise	_	_	_	_
45-13	2283-2288	their	person|abstract[152]	giv|giv[152]	_	_
45-14	2289-2296	freedom	abstract[152]	giv[152]	_	_
45-15	2297-2299	in	_	_	_	_
45-16	2300-2307	unusual	abstract[153]	new[153]	_	_
45-17	2308-2312	ways	abstract[153]	new[153]	_	_
45-18	2313-2314	.	_	_	_	_

#Text=— Cape Town former-Mayor Helen Zille
46-1	2315-2316	—	_	_	_	_
46-2	2317-2321	Cape	place|person[155]	new|new[155]	coref|coref|coref|coref	50-26[166_155]|50-28|50-26[166_155]|50-28
46-3	2322-2326	Town	person[155]	new[155]	_	_
46-4	2327-2339	former-Mayor	person[155]	new[155]	_	_
46-5	2340-2345	Helen	person[155]	new[155]	_	_
46-6	2346-2351	Zille	person[155]	new[155]	_	_

#Text=( (
47-1	2352-2353	(	_	_	_	_
47-2	2354-2355	(	_	_	_	_

#Text=WN
48-1	2356-2358	WN	organization	giv	_	_

#Text=) )
49-1	2359-2360	)	_	_	_	_
49-2	2361-2362	)	_	_	_	_

#Text=In 2008 , prior to a Sexpo event in South Africa , you uploaded a video to the Internet of yourself painting a portrait of then-Mayor of Cape Town Helen Zille .
50-1	2363-2365	In	_	_	_	_
50-2	2366-2370	2008	time	new	_	_
50-3	2371-2372	,	_	_	_	_
50-4	2373-2378	prior	_	_	_	_
50-5	2379-2381	to	_	_	_	_
50-6	2382-2383	a	event[159]	new[159]	_	_
50-7	2384-2389	Sexpo	person|event[159]	giv|new[159]	_	_
50-8	2390-2395	event	event[159]	new[159]	_	_
50-9	2396-2398	in	event[159]	new[159]	_	_
50-10	2399-2404	South	event[159]|place[160]	new[159]|new[160]	_	_
50-11	2405-2411	Africa	event[159]|place[160]	new[159]|new[160]	_	_
50-12	2412-2413	,	_	_	_	_
50-13	2414-2417	you	person	giv	ana	50-21
50-14	2418-2426	uploaded	_	_	_	_
50-15	2427-2428	a	object[162]	new[162]	_	_
50-16	2429-2434	video	object[162]	new[162]	_	_
50-17	2435-2437	to	_	_	_	_
50-18	2438-2441	the	place[163]	new[163]	_	_
50-19	2442-2450	Internet	place[163]	new[163]	_	_
50-20	2451-2453	of	place[163]	new[163]	_	_
50-21	2454-2462	yourself	place[163]|person	new[163]|giv	ana	51-3
50-22	2463-2471	painting	_	_	_	_
50-23	2472-2473	a	object[165]	new[165]	ana	51-7[0_165]
50-24	2474-2482	portrait	object[165]	new[165]	_	_
50-25	2483-2485	of	_	_	_	_
50-26	2486-2496	then-Mayor	person[166]	giv[166]	_	_
50-27	2497-2499	of	person[166]	giv[166]	_	_
50-28	2500-2504	Cape	person[166]|place	giv[166]|giv	_	_
50-29	2505-2509	Town	person[166]	giv[166]	_	_
50-30	2510-2515	Helen	person[166]	giv[166]	_	_
50-31	2516-2521	Zille	person[166]	giv[166]	_	_
50-32	2522-2523	.	_	_	_	_

#Text=Why did you decide to do this ?
51-1	2524-2527	Why	_	_	_	_
51-2	2528-2531	did	_	_	_	_
51-3	2532-2535	you	person	giv	_	_
51-4	2536-2542	decide	_	_	_	_
51-5	2543-2545	to	_	_	_	_
51-6	2546-2548	do	_	_	_	_
51-7	2549-2553	this	object	giv	_	_
51-8	2554-2555	?	_	_	_	_
