#FORMAT=WebAnno TSV 3.2
#T_SP=webanno.custom.Referent|entity|infstat
#T_RL=webanno.custom.Coref|type|BT_webanno.custom.Referent


#Text=1 .
1-1	0-1	1	quantity	new	_	_
1-2	2-3	.	_	_	_	_

#Text=Introduction
2-1	4-16	Introduction	abstract	new	_	_

#Text=Agriculture is one of the largest water consumers on the planet .
3-1	17-28	Agriculture	abstract	new	_	_
3-2	29-31	is	_	_	_	_
3-3	32-35	one	abstract[4]	new[4]	_	_
3-4	36-38	of	abstract[4]	new[4]	_	_
3-5	39-42	the	abstract[4]|person[6]	new[4]|new[6]	_	_
3-6	43-50	largest	abstract[4]|person[6]	new[4]|new[6]	_	_
3-7	51-56	water	abstract[4]|substance|person[6]	new[4]|new|new[6]	coref	4-27
3-8	57-66	consumers	abstract[4]|person[6]	new[4]|new[6]	_	_
3-9	67-69	on	abstract[4]|person[6]	new[4]|new[6]	_	_
3-10	70-73	the	abstract[4]|person[6]|place[7]	new[4]|new[6]|new[7]	_	_
3-11	74-80	planet	abstract[4]|person[6]|place[7]	new[4]|new[6]|new[7]	_	_
3-12	81-82	.	_	_	_	_

#Text=In many semi-arid areas , dryland viticulture is becoming increasingly more challenging and sometimes is reconverted into irrigated crops , thus there is concern about the water scarcity increase linked to climatic change .
4-1	83-85	In	_	_	_	_
4-2	86-90	many	place[8]	new[8]	coref	6-4[26_8]
4-3	91-100	semi-arid	place[8]	new[8]	_	_
4-4	101-106	areas	place[8]	new[8]	_	_
4-5	107-108	,	_	_	_	_
4-6	109-116	dryland	plant[9]	new[9]	coref	6-5[0_9]
4-7	117-128	viticulture	plant[9]	new[9]	_	_
4-8	129-131	is	_	_	_	_
4-9	132-140	becoming	_	_	_	_
4-10	141-153	increasingly	_	_	_	_
4-11	154-158	more	_	_	_	_
4-12	159-170	challenging	_	_	_	_
4-13	171-174	and	_	_	_	_
4-14	175-184	sometimes	_	_	_	_
4-15	185-187	is	_	_	_	_
4-16	188-199	reconverted	_	_	_	_
4-17	200-204	into	_	_	_	_
4-18	205-214	irrigated	plant[10]	new[10]	_	_
4-19	215-220	crops	plant[10]	new[10]	_	_
4-20	221-222	,	_	_	_	_
4-21	223-227	thus	_	_	_	_
4-22	228-233	there	_	_	_	_
4-23	234-236	is	_	_	_	_
4-24	237-244	concern	abstract[11]	new[11]	coref	13-7[74_11]
4-25	245-250	about	abstract[11]	new[11]	_	_
4-26	251-254	the	abstract[11]|event[14]	new[11]|new[14]	coref	5-10[20_14]
4-27	255-260	water	abstract[11]|substance|event[14]	new[11]|giv|new[14]	coref	6-10
4-28	261-269	scarcity	abstract[11]|abstract|event[14]	new[11]|new|new[14]	coref	24-39
4-29	270-278	increase	abstract[11]|event[14]	new[11]|new[14]	_	_
4-30	279-285	linked	_	_	_	_
4-31	286-288	to	_	_	_	_
4-32	289-297	climatic	abstract[15]	new[15]	coref	5-4[18_15]
4-33	298-304	change	abstract[15]	new[15]	_	_
4-34	305-306	.	_	_	_	_

#Text=Intergovernmental Panel on Climate Change ( IPCC ) predicts an increase of average temperatures and the frequency of extreme drought and/or warm events .
5-1	307-324	Intergovernmental	abstract|organization[17]	new|new[17]	_	_
5-2	325-330	Panel	organization[17]	new[17]	_	_
5-3	331-333	on	organization[17]	new[17]	_	_
5-4	334-341	Climate	organization[17]|abstract[18]	new[17]|giv[18]	_	_
5-5	342-348	Change	organization[17]|abstract[18]	new[17]|giv[18]	_	_
5-6	349-350	(	_	_	_	_
5-7	351-355	IPCC	organization	new	_	_
5-8	356-357	)	_	_	_	_
5-9	358-366	predicts	_	_	_	_
5-10	367-369	an	event[20]	giv[20]	_	_
5-11	370-378	increase	event[20]	giv[20]	_	_
5-12	379-381	of	event[20]	giv[20]	_	_
5-13	382-389	average	event[20]|quantity[21]	giv[20]|new[21]	_	_
5-14	390-402	temperatures	event[20]|quantity[21]	giv[20]|new[21]	_	_
5-15	403-406	and	event[20]	giv[20]	_	_
5-16	407-410	the	event[20]|abstract[22]	giv[20]|new[22]	_	_
5-17	411-420	frequency	event[20]|abstract[22]	giv[20]|new[22]	_	_
5-18	421-423	of	event[20]|abstract[22]	giv[20]|new[22]	_	_
5-19	424-431	extreme	event[20]|abstract[22]|event[23]	giv[20]|new[22]|new[23]	coref	16-10[0_23]
5-20	432-439	drought	event[20]|abstract[22]|event[23]	giv[20]|new[22]|new[23]	_	_
5-21	440-446	and/or	event[20]|abstract[22]	giv[20]|new[22]	_	_
5-22	447-451	warm	event[20]|abstract[22]|event[24]	giv[20]|new[22]|new[24]	_	_
5-23	452-458	events	event[20]|abstract[22]|event[24]	giv[20]|new[22]|new[24]	_	_
5-24	459-460	.	_	_	_	_

#Text=So , for most viticulture areas , improving the water use efficiency ( WUE ) of the grape is becoming more and more important to secure the sustainability of vineyards .
6-1	461-463	So	_	_	_	_
6-2	464-465	,	_	_	_	_
6-3	466-469	for	_	_	_	_
6-4	470-474	most	place[26]	giv[26]	_	_
6-5	475-486	viticulture	plant|place[26]	giv|giv[26]	_	_
6-6	487-492	areas	place[26]	giv[26]	_	_
6-7	493-494	,	_	_	_	_
6-8	495-504	improving	_	_	_	_
6-9	505-508	the	abstract[29]	new[29]	appos	6-14[0_29]
6-10	509-514	water	substance|abstract[29]	giv|new[29]	coref	10-18[57_0]
6-11	515-518	use	abstract|abstract[29]	new|new[29]	coref	24-11
6-12	519-529	efficiency	abstract[29]	new[29]	_	_
6-13	530-531	(	_	_	_	_
6-14	532-535	WUE	abstract	giv	coref	7-7[36_0]
6-15	536-537	)	_	_	_	_
6-16	538-540	of	_	_	_	_
6-17	541-544	the	abstract[31]	new[31]	coref	7-7[0_31]
6-18	545-550	grape	abstract[31]	new[31]	_	_
6-19	551-553	is	_	_	_	_
6-20	554-562	becoming	_	_	_	_
6-21	563-567	more	_	_	_	_
6-22	568-571	and	_	_	_	_
6-23	572-576	more	_	_	_	_
6-24	577-586	important	_	_	_	_
6-25	587-589	to	_	_	_	_
6-26	590-596	secure	_	_	_	_
6-27	597-600	the	abstract[32]	new[32]	_	_
6-28	601-615	sustainability	abstract[32]	new[32]	_	_
6-29	616-618	of	abstract[32]	new[32]	_	_
6-30	619-628	vineyards	abstract[32]|place	new[32]|new	_	_
6-31	629-630	.	_	_	_	_

#Text=There are different ways to improve grape WUE , and the most immediate way is to adjust irrigation dosage and schedule .
7-1	631-636	There	_	_	_	_
7-2	637-640	are	_	_	_	_
7-3	641-650	different	abstract[34]	new[34]	coref	22-9[150_34]
7-4	651-655	ways	abstract[34]	new[34]	_	_
7-5	656-658	to	_	_	_	_
7-6	659-666	improve	_	_	_	_
7-7	667-672	grape	abstract|abstract[36]	giv|giv[36]	coref|coref	8-22[46_36]|8-22[46_36]
7-8	673-676	WUE	abstract[36]	giv[36]	_	_
7-9	677-678	,	_	_	_	_
7-10	679-682	and	_	_	_	_
7-11	683-686	the	abstract[37]	new[37]	coref	8-28[47_37]
7-12	687-691	most	abstract[37]	new[37]	_	_
7-13	692-701	immediate	abstract[37]	new[37]	_	_
7-14	702-705	way	abstract[37]	new[37]	_	_
7-15	706-708	is	_	_	_	_
7-16	709-711	to	_	_	_	_
7-17	712-718	adjust	_	_	_	_
7-18	719-729	irrigation	abstract|abstract[39]	new|new[39]	coref|coref	14-19|14-19
7-19	730-736	dosage	abstract[39]	new[39]	_	_
7-20	737-740	and	_	_	_	_
7-21	741-749	schedule	abstract	new	_	_
7-22	750-751	.	_	_	_	_

#Text=However , to explore the genetic variation inside grapevine varieties and clones , and to identify the genetic material characterised by a better WUE , is also a promising way to improve the vineyard WUE .
8-1	752-759	However	_	_	_	_
8-2	760-761	,	_	_	_	_
8-3	762-764	to	_	_	_	_
8-4	765-772	explore	_	_	_	_
8-5	773-776	the	abstract[41]	new[41]	_	_
8-6	777-784	genetic	abstract[41]	new[41]	_	_
8-7	785-794	variation	abstract[41]	new[41]	_	_
8-8	795-801	inside	abstract[41]	new[41]	_	_
8-9	802-811	grapevine	abstract[41]|place|abstract[43]	new[41]|new|new[43]	coref|coref	18-27[127_43]|18-27[127_43]
8-10	812-821	varieties	abstract[41]|abstract[43]	new[41]|new[43]	_	_
8-11	822-825	and	abstract[41]	new[41]	_	_
8-12	826-832	clones	abstract[41]|abstract	new[41]|new	coref	21-19[145_0]
8-13	833-834	,	_	_	_	_
8-14	835-838	and	_	_	_	_
8-15	839-841	to	_	_	_	_
8-16	842-850	identify	_	_	_	_
8-17	851-854	the	abstract[45]	new[45]	_	_
8-18	855-862	genetic	abstract[45]	new[45]	_	_
8-19	863-871	material	abstract[45]	new[45]	_	_
8-20	872-885	characterised	_	_	_	_
8-21	886-888	by	_	_	_	_
8-22	889-890	a	abstract[46]	giv[46]	coref	8-33[49_46]
8-23	891-897	better	abstract[46]	giv[46]	_	_
8-24	898-901	WUE	abstract[46]	giv[46]	_	_
8-25	902-903	,	_	_	_	_
8-26	904-906	is	_	_	_	_
8-27	907-911	also	_	_	_	_
8-28	912-913	a	abstract[47]	giv[47]	coref	17-2[113_47]
8-29	914-923	promising	abstract[47]	giv[47]	_	_
8-30	924-927	way	abstract[47]	giv[47]	_	_
8-31	928-930	to	_	_	_	_
8-32	931-938	improve	_	_	_	_
8-33	939-942	the	abstract[49]	giv[49]	coref	9-1[50_49]
8-34	943-951	vineyard	place|abstract[49]	new|giv[49]	_	_
8-35	952-955	WUE	abstract[49]	giv[49]	_	_
8-36	956-957	.	_	_	_	_

#Text=The WUE can be measured at different spatial and temporal scales .
9-1	958-961	The	abstract[50]	giv[50]	coref	10-6[54_50]
9-2	962-965	WUE	abstract[50]	giv[50]	_	_
9-3	966-969	can	_	_	_	_
9-4	970-972	be	_	_	_	_
9-5	973-981	measured	_	_	_	_
9-6	982-984	at	_	_	_	_
9-7	985-994	different	abstract[51]	new[51]	coref	12-9[69_51]
9-8	995-1002	spatial	abstract[51]	new[51]	_	_
9-9	1003-1006	and	abstract[51]	new[51]	_	_
9-10	1007-1015	temporal	abstract[51]	new[51]	_	_
9-11	1016-1022	scales	abstract[51]	new[51]	_	_
9-12	1023-1024	.	_	_	_	_

#Text=From an agronomic approach , the crop WUE ( WUEcrop ) refers to the final yield and total water consumed .
10-1	1025-1029	From	_	_	_	_
10-2	1030-1032	an	abstract[52]	new[52]	_	_
10-3	1033-1042	agronomic	abstract[52]	new[52]	_	_
10-4	1043-1051	approach	abstract[52]	new[52]	_	_
10-5	1052-1053	,	_	_	_	_
10-6	1054-1057	the	abstract[54]	giv[54]	appos	10-10[0_54]
10-7	1058-1062	crop	plant|abstract[54]	new|giv[54]	_	_
10-8	1063-1066	WUE	abstract[54]	giv[54]	_	_
10-9	1067-1068	(	_	_	_	_
10-10	1069-1076	WUEcrop	abstract	giv	coref	11-6[60_0]
10-11	1077-1078	)	_	_	_	_
10-12	1079-1085	refers	_	_	_	_
10-13	1086-1088	to	_	_	_	_
10-14	1089-1092	the	quantity[56]	new[56]	_	_
10-15	1093-1098	final	quantity[56]	new[56]	_	_
10-16	1099-1104	yield	quantity[56]	new[56]	_	_
10-17	1105-1108	and	_	_	_	_
10-18	1109-1114	total	substance[57]	giv[57]	coref	14-10[0_57]
10-19	1115-1120	water	substance[57]	giv[57]	_	_
10-20	1121-1129	consumed	_	_	_	_
10-21	1130-1131	.	_	_	_	_

#Text=At the leaf level , intrinsic WUE ( WUEi ) reflects the balance between carbon gain ( An ) and stomatal conductance ( gs ) .
11-1	1132-1134	At	_	_	_	_
11-2	1135-1138	the	abstract[59]	new[59]	_	_
11-3	1139-1143	leaf	plant|abstract[59]	new|new[59]	coref	15-14
11-4	1144-1149	level	abstract[59]	new[59]	_	_
11-5	1150-1151	,	_	_	_	_
11-6	1152-1161	intrinsic	abstract[60]	giv[60]	appos	11-9[0_60]
11-7	1162-1165	WUE	abstract[60]	giv[60]	_	_
11-8	1166-1167	(	_	_	_	_
11-9	1168-1172	WUEi	abstract	giv	coref	15-7[89_0]
11-10	1173-1174	)	_	_	_	_
11-11	1175-1183	reflects	_	_	_	_
11-12	1184-1187	the	abstract[62]	new[62]	_	_
11-13	1188-1195	balance	abstract[62]	new[62]	_	_
11-14	1196-1203	between	abstract[62]	new[62]	_	_
11-15	1204-1210	carbon	abstract[62]|substance|abstract[64]	new[62]|new|new[64]	_	_
11-16	1211-1215	gain	abstract[62]|abstract[64]	new[62]|new[64]	_	_
11-17	1216-1217	(	abstract[62]|abstract[65]	new[62]|new[65]	appos	11-24[0_65]
11-18	1218-1220	An	abstract[62]|abstract[65]	new[62]|new[65]	_	_
11-19	1221-1222	)	abstract[62]|abstract[65]	new[62]|new[65]	_	_
11-20	1223-1226	and	abstract[62]|abstract[65]	new[62]|new[65]	_	_
11-21	1227-1235	stomatal	abstract[62]|abstract[65]	new[62]|new[65]	_	_
11-22	1236-1247	conductance	abstract[62]|abstract[65]	new[62]|new[65]	_	_
11-23	1248-1249	(	_	_	_	_
11-24	1250-1252	gs	abstract	giv	coref	24-23[168_0]
11-25	1253-1254	)	_	_	_	_
11-26	1255-1256	.	_	_	_	_

#Text=Several studies on grapevines have intended to link the different scales and results are sometimes contradictory , showing good or bad correspondences .
12-1	1257-1264	Several	event[67]	new[67]	coref	23-1[155_67]
12-2	1265-1272	studies	event[67]	new[67]	_	_
12-3	1273-1275	on	event[67]	new[67]	_	_
12-4	1276-1286	grapevines	event[67]|plant	new[67]|new	_	_
12-5	1287-1291	have	_	_	_	_
12-6	1292-1300	intended	_	_	_	_
12-7	1301-1303	to	_	_	_	_
12-8	1304-1308	link	_	_	_	_
12-9	1309-1312	the	abstract[69]	giv[69]	_	_
12-10	1313-1322	different	abstract[69]	giv[69]	_	_
12-11	1323-1329	scales	abstract[69]	giv[69]	_	_
12-12	1330-1333	and	_	_	_	_
12-13	1334-1341	results	abstract	new	_	_
12-14	1342-1345	are	_	_	_	_
12-15	1346-1355	sometimes	_	_	_	_
12-16	1356-1369	contradictory	_	_	_	_
12-17	1370-1371	,	_	_	_	_
12-18	1372-1379	showing	_	_	_	_
12-19	1380-1384	good	abstract[71]	new[71]	_	_
12-20	1385-1387	or	abstract[71]	new[71]	_	_
12-21	1388-1391	bad	abstract[71]	new[71]	_	_
12-22	1392-1407	correspondences	abstract[71]	new[71]	_	_
12-23	1408-1409	.	_	_	_	_

#Text=Fortunately , for the wine industry the main concern is not only to reach a high productivity , but rather a higher quality of grapes .
13-1	1410-1421	Fortunately	_	_	_	_
13-2	1422-1423	,	_	_	_	_
13-3	1424-1427	for	_	_	_	_
13-4	1428-1431	the	abstract[73]	new[73]	_	_
13-5	1432-1436	wine	substance|abstract[73]	new|new[73]	coref	18-23
13-6	1437-1445	industry	abstract[73]	new[73]	_	_
13-7	1446-1449	the	abstract[74]	giv[74]	_	_
13-8	1450-1454	main	abstract[74]	giv[74]	_	_
13-9	1455-1462	concern	abstract[74]	giv[74]	_	_
13-10	1463-1465	is	_	_	_	_
13-11	1466-1469	not	_	_	_	_
13-12	1470-1474	only	_	_	_	_
13-13	1475-1477	to	_	_	_	_
13-14	1478-1483	reach	_	_	_	_
13-15	1484-1485	a	abstract[75]	new[75]	_	_
13-16	1486-1490	high	abstract[75]	new[75]	_	_
13-17	1491-1503	productivity	abstract[75]	new[75]	_	_
13-18	1504-1505	,	_	_	_	_
13-19	1506-1509	but	_	_	_	_
13-20	1510-1516	rather	abstract[76]	new[76]	coref	14-2[0_76]
13-21	1517-1518	a	abstract[76]	new[76]	_	_
13-22	1519-1525	higher	abstract[76]	new[76]	_	_
13-23	1526-1533	quality	abstract[76]	new[76]	_	_
13-24	1534-1536	of	abstract[76]	new[76]	_	_
13-25	1537-1543	grapes	abstract[76]|abstract	new[76]|new	_	_
13-26	1544-1545	.	_	_	_	_

#Text=Grape quality components are largely dependent on an efficient water deficit , which can be achieved by adjusting irrigation but also the plant density or pruning management , .
14-1	1546-1551	Grape	abstract[79]	new[79]	_	_
14-2	1552-1559	quality	abstract|abstract[79]	giv|new[79]	coref	30-62
14-3	1560-1570	components	abstract[79]	new[79]	_	_
14-4	1571-1574	are	_	_	_	_
14-5	1575-1582	largely	_	_	_	_
14-6	1583-1592	dependent	_	_	_	_
14-7	1593-1595	on	_	_	_	_
14-8	1596-1598	an	abstract[81]	new[81]	_	_
14-9	1599-1608	efficient	abstract[81]	new[81]	_	_
14-10	1609-1614	water	substance|abstract[81]	giv|new[81]	coref	15-46
14-11	1615-1622	deficit	abstract[81]	new[81]	_	_
14-12	1623-1624	,	_	_	_	_
14-13	1625-1630	which	_	_	_	_
14-14	1631-1634	can	_	_	_	_
14-15	1635-1637	be	_	_	_	_
14-16	1638-1646	achieved	_	_	_	_
14-17	1647-1649	by	_	_	_	_
14-18	1650-1659	adjusting	_	_	_	_
14-19	1660-1670	irrigation	abstract	giv	_	_
14-20	1671-1674	but	_	_	_	_
14-21	1675-1679	also	_	_	_	_
14-22	1680-1683	the	quantity[84]	new[84]	_	_
14-23	1684-1689	plant	abstract|quantity[84]	new|new[84]	_	_
14-24	1690-1697	density	quantity[84]	new[84]	_	_
14-25	1698-1700	or	_	_	_	_
14-26	1701-1708	pruning	object|organization[86]	new|new[86]	_	_
14-27	1709-1719	management	organization[86]	new[86]	_	_
14-28	1720-1721	,	_	_	_	_
14-29	1722-1723	.	_	_	_	_

#Text=In either case , to classify genotypes ’ WUE , the measurements of leaf gas exchange have been recognised as a useful tool because it is feasible to screen a large quantity of genotypes grown under field conditions and to characterize their behaviour under different water statuses .
15-1	1724-1726	In	_	_	_	_
15-2	1727-1733	either	abstract[87]	new[87]	_	_
15-3	1734-1738	case	abstract[87]	new[87]	_	_
15-4	1739-1740	,	_	_	_	_
15-5	1741-1743	to	_	_	_	_
15-6	1744-1752	classify	_	_	_	_
15-7	1753-1762	genotypes	abstract[88]|abstract[89]	new[88]|giv[89]	coref|coref|coref|coref	15-34[0_88]|16-13[110_89]|15-34[0_88]|16-13[110_89]
15-8	1763-1764	’	abstract[88]|abstract[89]	new[88]|giv[89]	_	_
15-9	1765-1768	WUE	abstract[89]	giv[89]	_	_
15-10	1769-1770	,	_	_	_	_
15-11	1771-1774	the	abstract[90]	new[90]	_	_
15-12	1775-1787	measurements	abstract[90]	new[90]	_	_
15-13	1788-1790	of	abstract[90]	new[90]	_	_
15-14	1791-1795	leaf	abstract[90]|plant|event[93]	new[90]|giv|new[93]	coref|coref	23-8[0_93]|23-8[0_93]
15-15	1796-1799	gas	abstract[90]|substance|event[93]	new[90]|new|new[93]	coref	23-7
15-16	1800-1808	exchange	abstract[90]|event[93]	new[90]|new[93]	_	_
15-17	1809-1813	have	_	_	_	_
15-18	1814-1818	been	_	_	_	_
15-19	1819-1829	recognised	_	_	_	_
15-20	1830-1832	as	_	_	_	_
15-21	1833-1834	a	_	_	_	_
15-22	1835-1841	useful	_	_	_	_
15-23	1842-1846	tool	_	_	_	_
15-24	1847-1854	because	_	_	_	_
15-25	1855-1857	it	abstract	new	cata	15-25[0_95]
15-26	1858-1860	is	_	_	_	_
15-27	1861-1869	feasible	_	_	_	_
15-28	1870-1872	to	abstract[95]	new[95]	_	_
15-29	1873-1879	screen	abstract[95]	new[95]	_	_
15-30	1880-1881	a	abstract[95]|quantity[96]	new[95]|new[96]	_	_
15-31	1882-1887	large	abstract[95]|quantity[96]	new[95]|new[96]	_	_
15-32	1888-1896	quantity	abstract[95]|quantity[96]	new[95]|new[96]	_	_
15-33	1897-1899	of	abstract[95]|quantity[96]	new[95]|new[96]	_	_
15-34	1900-1909	genotypes	abstract[95]|quantity[96]|abstract	new[95]|new[96]|giv	coref	28-20[206_0]
15-35	1910-1915	grown	_	_	_	_
15-36	1916-1921	under	_	_	_	_
15-37	1922-1927	field	place|abstract[99]	new|new[99]	ana|coref|ana|coref	15-42[0_99]|22-21|15-42[0_99]|22-21
15-38	1928-1938	conditions	abstract[99]	new[99]	_	_
15-39	1939-1942	and	_	_	_	_
15-40	1943-1945	to	_	_	_	_
15-41	1946-1958	characterize	object[100]	new[100]	_	_
15-42	1959-1964	their	object[100]|abstract|abstract[102]	new[100]|giv|new[102]	ana|coref|ana|coref	16-1[0_102]|22-20[154_0]|16-1[0_102]|22-20[154_0]
15-43	1965-1974	behaviour	object[100]|abstract[102]	new[100]|new[102]	_	_
15-44	1975-1980	under	_	_	_	_
15-45	1981-1990	different	abstract[104]	new[104]	_	_
15-46	1991-1996	water	substance|abstract[104]	giv|new[104]	coref	23-12
15-47	1997-2005	statuses	abstract[104]	new[104]	_	_
15-48	2006-2007	.	_	_	_	_

#Text=This allows the revealing of a genetic variability of drought tolerance and WUEi between several vine cultivars .
16-1	2008-2012	This	abstract	giv	_	_
16-2	2013-2019	allows	_	_	_	_
16-3	2020-2023	the	abstract[106]	new[106]	_	_
16-4	2024-2033	revealing	abstract[106]	new[106]	_	_
16-5	2034-2036	of	abstract[106]	new[106]	_	_
16-6	2037-2038	a	abstract[106]|abstract[107]	new[106]|new[107]	coref	18-38[0_107]
16-7	2039-2046	genetic	abstract[106]|abstract[107]	new[106]|new[107]	_	_
16-8	2047-2058	variability	abstract[106]|abstract[107]	new[106]|new[107]	_	_
16-9	2059-2061	of	abstract[106]|abstract[107]	new[106]|new[107]	_	_
16-10	2062-2069	drought	abstract[106]|abstract[107]|event|abstract[109]	new[106]|new[107]|giv|new[109]	coref|coref	24-35|24-35
16-11	2070-2079	tolerance	abstract[106]|abstract[107]|abstract[109]	new[106]|new[107]|new[109]	_	_
16-12	2080-2083	and	abstract[106]|abstract[107]	new[106]|new[107]	_	_
16-13	2084-2088	WUEi	abstract[106]|abstract[107]|abstract[110]	new[106]|new[107]|giv[110]	coref	18-11[121_110]
16-14	2089-2096	between	abstract[106]|abstract[107]|abstract[110]	new[106]|new[107]|giv[110]	_	_
16-15	2097-2104	several	abstract[106]|abstract[107]|abstract[110]|plant[112]	new[106]|new[107]|giv[110]|new[112]	coref	20-22[0_112]
16-16	2105-2109	vine	abstract[106]|abstract[107]|abstract[110]|plant|plant[112]	new[106]|new[107]|giv[110]|new|new[112]	coref	25-38[188_0]
16-17	2110-2119	cultivars	abstract[106]|abstract[107]|abstract[110]|plant[112]	new[106]|new[107]|giv[110]|new[112]	_	_
16-18	2120-2121	.	_	_	_	_

#Text=In the same way , some progress has also been made by using other techniques such as the δ13C .
17-1	2122-2124	In	_	_	_	_
17-2	2125-2128	the	abstract[113]	giv[113]	_	_
17-3	2129-2133	same	abstract[113]	giv[113]	_	_
17-4	2134-2137	way	abstract[113]	giv[113]	_	_
17-5	2138-2139	,	_	_	_	_
17-6	2140-2144	some	abstract[114]	new[114]	_	_
17-7	2145-2153	progress	abstract[114]	new[114]	_	_
17-8	2154-2157	has	_	_	_	_
17-9	2158-2162	also	_	_	_	_
17-10	2163-2167	been	_	_	_	_
17-11	2168-2172	made	_	_	_	_
17-12	2173-2175	by	_	_	_	_
17-13	2176-2181	using	_	_	_	_
17-14	2182-2187	other	abstract[115]	new[115]	_	_
17-15	2188-2198	techniques	abstract[115]	new[115]	_	_
17-16	2199-2203	such	abstract[115]	new[115]	_	_
17-17	2204-2206	as	abstract[115]	new[115]	_	_
17-18	2207-2210	the	abstract[115]|abstract[116]	new[115]|new[116]	_	_
17-19	2211-2215	δ13C	abstract[115]|abstract[116]	new[115]|new[116]	_	_
17-20	2216-2217	.	_	_	_	_

#Text=In our research group , after having identified differences in WUEi at the cultivar scale , and considering the narrow rules of wine regions to introduce new varieties , the next step has consisted of an intra-cultivar variability evaluation .
18-1	2218-2220	In	_	_	_	_
18-2	2221-2224	our	person|abstract[119]	acc|new[119]	ana|ana	19-3|19-3
18-3	2225-2233	research	abstract|abstract[119]	new|new[119]	_	_
18-4	2234-2239	group	abstract[119]	new[119]	_	_
18-5	2240-2241	,	_	_	_	_
18-6	2242-2247	after	_	_	_	_
18-7	2248-2254	having	_	_	_	_
18-8	2255-2265	identified	_	_	_	_
18-9	2266-2277	differences	abstract[120]	new[120]	coref	30-32[224_120]
18-10	2278-2280	in	abstract[120]	new[120]	_	_
18-11	2281-2285	WUEi	abstract[120]|abstract[121]	new[120]|giv[121]	coref	21-16[0_121]
18-12	2286-2288	at	abstract[120]|abstract[121]	new[120]|giv[121]	_	_
18-13	2289-2292	the	abstract[120]|abstract[121]|abstract[123]	new[120]|giv[121]|new[123]	_	_
18-14	2293-2301	cultivar	abstract[120]|abstract[121]|person|abstract[123]	new[120]|giv[121]|new|new[123]	coref	20-6
18-15	2302-2307	scale	abstract[120]|abstract[121]|abstract[123]	new[120]|giv[121]|new[123]	_	_
18-16	2308-2309	,	_	_	_	_
18-17	2310-2313	and	_	_	_	_
18-18	2314-2325	considering	_	_	_	_
18-19	2326-2329	the	abstract[124]	new[124]	_	_
18-20	2330-2336	narrow	abstract[124]	new[124]	_	_
18-21	2337-2342	rules	abstract[124]	new[124]	_	_
18-22	2343-2345	of	abstract[124]	new[124]	_	_
18-23	2346-2350	wine	abstract[124]|substance|place[126]	new[124]|giv|new[126]	_	_
18-24	2351-2358	regions	abstract[124]|place[126]	new[124]|new[126]	_	_
18-25	2359-2361	to	_	_	_	_
18-26	2362-2371	introduce	_	_	_	_
18-27	2372-2375	new	abstract[127]	giv[127]	_	_
18-28	2376-2385	varieties	abstract[127]	giv[127]	_	_
18-29	2386-2387	,	_	_	_	_
18-30	2388-2391	the	abstract[128]	new[128]	_	_
18-31	2392-2396	next	abstract[128]	new[128]	_	_
18-32	2397-2401	step	abstract[128]	new[128]	_	_
18-33	2402-2405	has	_	_	_	_
18-34	2406-2415	consisted	_	_	_	_
18-35	2416-2418	of	_	_	_	_
18-36	2419-2421	an	event[130]	new[130]	_	_
18-37	2422-2436	intra-cultivar	event[130]	new[130]	_	_
18-38	2437-2448	variability	abstract|event[130]	giv|new[130]	coref	19-6[133_0]
18-39	2449-2459	evaluation	event[130]	new[130]	_	_
18-40	2460-2461	.	_	_	_	_

#Text=First , our study showed such variability in a Tempranillo clonal collection .
19-1	2462-2467	First	_	_	_	_
19-2	2468-2469	,	_	_	_	_
19-3	2470-2473	our	person|abstract[132]	giv|new[132]	ana|coref|ana|coref	27-15|30-19[221_132]|27-15|30-19[221_132]
19-4	2474-2479	study	abstract[132]	new[132]	_	_
19-5	2480-2486	showed	_	_	_	_
19-6	2487-2491	such	abstract[133]	giv[133]	coref	20-9[138_133]
19-7	2492-2503	variability	abstract[133]	giv[133]	_	_
19-8	2504-2506	in	abstract[133]	giv[133]	_	_
19-9	2507-2508	a	abstract[133]|abstract[134]	giv[133]|new[134]	coref	20-4[137_134]
19-10	2509-2520	Tempranillo	abstract[133]|abstract[134]	giv[133]|new[134]	_	_
19-11	2521-2527	clonal	abstract[133]|abstract[134]	giv[133]|new[134]	_	_
19-12	2528-2538	collection	abstract[133]|abstract[134]	giv[133]|new[134]	_	_
19-13	2539-2540	.	_	_	_	_

#Text=With respect to a wide cultivar collection , the intra-cultivar variability was at least 80 % of the shown variability among cultivars .
20-1	2541-2545	With	_	_	_	_
20-2	2546-2553	respect	abstract[135]	new[135]	_	_
20-3	2554-2556	to	abstract[135]	new[135]	_	_
20-4	2557-2558	a	abstract[135]|abstract[137]	new[135]|giv[137]	_	_
20-5	2559-2563	wide	abstract[135]|abstract[137]	new[135]|giv[137]	_	_
20-6	2564-2572	cultivar	abstract[135]|person|abstract[137]	new[135]|giv|giv[137]	coref	21-22[147_0]
20-7	2573-2583	collection	abstract[135]|abstract[137]	new[135]|giv[137]	_	_
20-8	2584-2585	,	_	_	_	_
20-9	2586-2589	the	quantity[138]	giv[138]	coref	20-13[139_138]
20-10	2590-2604	intra-cultivar	quantity[138]	giv[138]	_	_
20-11	2605-2616	variability	quantity[138]	giv[138]	_	_
20-12	2617-2620	was	_	_	_	_
20-13	2621-2623	at	quantity[139]	giv[139]	ana	21-6[0_139]
20-14	2624-2629	least	quantity[139]	giv[139]	_	_
20-15	2630-2632	80	quantity[139]	giv[139]	_	_
20-16	2633-2634	%	quantity[139]	giv[139]	_	_
20-17	2635-2637	of	quantity[139]	giv[139]	_	_
20-18	2638-2641	the	quantity[139]	giv[139]	_	_
20-19	2642-2647	shown	quantity[139]	giv[139]	_	_
20-20	2648-2659	variability	quantity[139]	giv[139]	_	_
20-21	2660-2665	among	quantity[139]	giv[139]	_	_
20-22	2666-2675	cultivars	quantity[139]|plant	giv[139]|giv	coref	30-40[227_0]
20-23	2676-2677	.	_	_	_	_

#Text=In more recent work , it has been shown that an intra-cultivar genetic variability of WUEi exists among several clones of the Tempranillo cultivar .
21-1	2678-2680	In	_	_	_	_
21-2	2681-2685	more	abstract[141]	new[141]	_	_
21-3	2686-2692	recent	abstract[141]	new[141]	_	_
21-4	2693-2697	work	abstract[141]	new[141]	_	_
21-5	2698-2699	,	_	_	_	_
21-6	2700-2702	it	quantity	giv	_	_
21-7	2703-2706	has	_	_	_	_
21-8	2707-2711	been	_	_	_	_
21-9	2712-2717	shown	_	_	_	_
21-10	2718-2722	that	_	_	_	_
21-11	2723-2725	an	abstract[143]	new[143]	_	_
21-12	2726-2740	intra-cultivar	abstract[143]	new[143]	_	_
21-13	2741-2748	genetic	abstract[143]	new[143]	_	_
21-14	2749-2760	variability	abstract[143]	new[143]	_	_
21-15	2761-2763	of	abstract[143]	new[143]	_	_
21-16	2764-2768	WUEi	abstract[143]|abstract	new[143]|giv	coref	22-13[151_0]
21-17	2769-2775	exists	_	_	_	_
21-18	2776-2781	among	_	_	_	_
21-19	2782-2789	several	abstract[145]	giv[145]	coref	30-9[218_145]
21-20	2790-2796	clones	abstract[145]	giv[145]	_	_
21-21	2797-2799	of	abstract[145]	giv[145]	_	_
21-22	2800-2803	the	abstract[145]|person[147]	giv[145]|giv[147]	_	_
21-23	2804-2815	Tempranillo	abstract[145]|animal|person[147]	giv[145]|new|giv[147]	coref	30-40
21-24	2816-2824	cultivar	abstract[145]|person[147]	giv[145]|giv[147]	_	_
21-25	2825-2826	.	_	_	_	_

#Text=It is important to note that there are several ways to estimate the WUE of a given genotype under realistic field conditions .
22-1	2827-2829	It	abstract	new	cata	22-1[0_149]
22-2	2830-2832	is	_	_	_	_
22-3	2833-2842	important	_	_	_	_
22-4	2843-2845	to	abstract[149]	new[149]	_	_
22-5	2846-2850	note	abstract[149]	new[149]	_	_
22-6	2851-2855	that	abstract[149]	new[149]	_	_
22-7	2856-2861	there	abstract[149]	new[149]	_	_
22-8	2862-2865	are	abstract[149]	new[149]	_	_
22-9	2866-2873	several	abstract[150]	giv[150]	_	_
22-10	2874-2878	ways	abstract[150]	giv[150]	_	_
22-11	2879-2881	to	_	_	_	_
22-12	2882-2890	estimate	_	_	_	_
22-13	2891-2894	the	abstract[151]	giv[151]	coref	24-5[163_151]
22-14	2895-2898	WUE	abstract[151]	giv[151]	_	_
22-15	2899-2901	of	abstract[151]	giv[151]	_	_
22-16	2902-2903	a	abstract[151]|abstract[152]	giv[151]|new[152]	coref	29-9[212_152]
22-17	2904-2909	given	abstract[151]|abstract[152]	giv[151]|new[152]	_	_
22-18	2910-2918	genotype	abstract[151]|abstract[152]	giv[151]|new[152]	_	_
22-19	2919-2924	under	abstract[151]|abstract[152]	giv[151]|new[152]	_	_
22-20	2925-2934	realistic	abstract[151]|abstract[152]|abstract[154]	giv[151]|new[152]|giv[154]	coref	23-11[160_154]
22-21	2935-2940	field	abstract[151]|abstract[152]|place|abstract[154]	giv[151]|new[152]|giv|giv[154]	coref	30-29
22-22	2941-2951	conditions	abstract[151]|abstract[152]|abstract[154]	giv[151]|new[152]|giv[154]	_	_
22-23	2952-2953	.	_	_	_	_

#Text=Most of the studies showed average gas exchange values under different water conditions .
23-1	2954-2958	Most	event[155]	giv[155]	_	_
23-2	2959-2961	of	event[155]	giv[155]	_	_
23-3	2962-2965	the	event[155]	giv[155]	_	_
23-4	2966-2973	studies	event[155]	giv[155]	_	_
23-5	2974-2980	showed	_	_	_	_
23-6	2981-2988	average	abstract[158]	new[158]	_	_
23-7	2989-2992	gas	substance|abstract[158]	giv|new[158]	_	_
23-8	2993-3001	exchange	event|abstract[158]	giv|new[158]	_	_
23-9	3002-3008	values	abstract[158]	new[158]	_	_
23-10	3009-3014	under	abstract[158]	new[158]	_	_
23-11	3015-3024	different	abstract[158]|abstract[160]	new[158]|giv[160]	coref	30-28[223_160]
23-12	3025-3030	water	abstract[158]|substance|abstract[160]	new[158]|giv|giv[160]	coref	24-10
23-13	3031-3041	conditions	abstract[158]|abstract[160]	new[158]|giv[160]	_	_
23-14	3042-3043	.	_	_	_	_

#Text=As mentioned above , the WUEi , or photosynthetic water use efficiency , is obtained from the quotient between net photosynthesis and stomatal conductance , ( AN/gs ) and is largely used to qualify drought resistance or water scarcity responses in plants .
24-1	3044-3046	As	_	_	_	_
24-2	3047-3056	mentioned	_	_	_	_
24-3	3057-3062	above	_	_	_	_
24-4	3063-3064	,	_	_	_	_
24-5	3065-3068	the	abstract[163]	giv[163]	coref	25-12[0_163]
24-6	3069-3073	WUEi	abstract[163]	giv[163]	_	_
24-7	3074-3075	,	abstract[163]	giv[163]	_	_
24-8	3076-3078	or	abstract[163]	giv[163]	_	_
24-9	3079-3093	photosynthetic	abstract[163]	giv[163]	_	_
24-10	3094-3099	water	substance|abstract[163]	giv|giv[163]	coref	24-38
24-11	3100-3103	use	abstract|abstract[163]	giv|giv[163]	_	_
24-12	3104-3114	efficiency	abstract[163]	giv[163]	_	_
24-13	3115-3116	,	_	_	_	_
24-14	3117-3119	is	_	_	_	_
24-15	3120-3128	obtained	_	_	_	_
24-16	3129-3133	from	_	_	_	_
24-17	3134-3137	the	abstract[164]	new[164]	_	_
24-18	3138-3146	quotient	abstract[164]	new[164]	_	_
24-19	3147-3154	between	abstract[164]	new[164]	_	_
24-20	3155-3158	net	abstract[164]|object|abstract[166]	new[164]|new|new[166]	_	_
24-21	3159-3173	photosynthesis	abstract[164]|abstract[166]	new[164]|new[166]	_	_
24-22	3174-3177	and	abstract[164]	new[164]	_	_
24-23	3178-3186	stomatal	abstract[164]|place|abstract[168]	new[164]|new|giv[168]	appos|appos	24-27[0_168]|24-27[0_168]
24-24	3187-3198	conductance	abstract[164]|abstract[168]	new[164]|giv[168]	_	_
24-25	3199-3200	,	_	_	_	_
24-26	3201-3202	(	_	_	_	_
24-27	3203-3208	AN/gs	abstract	giv	coref	25-10[177_0]
24-28	3209-3210	)	_	_	_	_
24-29	3211-3214	and	_	_	_	_
24-30	3215-3217	is	_	_	_	_
24-31	3218-3225	largely	_	_	_	_
24-32	3226-3230	used	_	_	_	_
24-33	3231-3233	to	_	_	_	_
24-34	3234-3241	qualify	_	_	_	_
24-35	3242-3249	drought	event|abstract[171]	giv|new[171]	_	_
24-36	3250-3260	resistance	abstract[171]	new[171]	_	_
24-37	3261-3263	or	_	_	_	_
24-38	3264-3269	water	substance|abstract[174]	giv|new[174]	coref|coref	25-17|25-17
24-39	3270-3278	scarcity	abstract|abstract[174]	giv|new[174]	_	_
24-40	3279-3288	responses	abstract[174]	new[174]	_	_
24-41	3289-3291	in	abstract[174]	new[174]	_	_
24-42	3292-3298	plants	abstract[174]|plant	new[174]|new	_	_
24-43	3299-3300	.	_	_	_	_

#Text=However , there is a strong mathematical influence of gs upon WUEi , because the soil water depletion is followed by a progressive reduction in gs thus WUE is largely dependent on the soil water availability for the plant .
25-1	3301-3308	However	_	_	_	_
25-2	3309-3310	,	_	_	_	_
25-3	3311-3316	there	_	_	_	_
25-4	3317-3319	is	_	_	_	_
25-5	3320-3321	a	abstract[176]	new[176]	_	_
25-6	3322-3328	strong	abstract[176]	new[176]	_	_
25-7	3329-3341	mathematical	abstract[176]	new[176]	_	_
25-8	3342-3351	influence	abstract[176]	new[176]	_	_
25-9	3352-3354	of	abstract[176]	new[176]	_	_
25-10	3355-3357	gs	abstract[176]|abstract[177]	new[176]|giv[177]	coref	25-26[0_177]
25-11	3358-3362	upon	abstract[176]|abstract[177]	new[176]|giv[177]	_	_
25-12	3363-3367	WUEi	abstract[176]|abstract[177]|abstract	new[176]|giv[177]|giv	coref	25-28
25-13	3368-3369	,	_	_	_	_
25-14	3370-3377	because	_	_	_	_
25-15	3378-3381	the	abstract[181]	new[181]	_	_
25-16	3382-3386	soil	substance|abstract[181]	new|new[181]	coref	25-34
25-17	3387-3392	water	substance|abstract[181]	giv|new[181]	coref	25-35
25-18	3393-3402	depletion	abstract[181]	new[181]	_	_
25-19	3403-3405	is	_	_	_	_
25-20	3406-3414	followed	_	_	_	_
25-21	3415-3417	by	_	_	_	_
25-22	3418-3419	a	event[182]	new[182]	_	_
25-23	3420-3431	progressive	event[182]	new[182]	_	_
25-24	3432-3441	reduction	event[182]	new[182]	_	_
25-25	3442-3444	in	event[182]	new[182]	_	_
25-26	3445-3447	gs	event[182]|abstract	new[182]|giv	coref	26-17
25-27	3448-3452	thus	_	_	_	_
25-28	3453-3456	WUE	abstract	giv	coref	26-7[191_0]
25-29	3457-3459	is	_	_	_	_
25-30	3460-3467	largely	_	_	_	_
25-31	3468-3477	dependent	_	_	_	_
25-32	3478-3480	on	_	_	_	_
25-33	3481-3484	the	abstract[187]	new[187]	ana	26-1[0_187]
25-34	3485-3489	soil	substance|abstract[187]	giv|new[187]	_	_
25-35	3490-3495	water	substance|abstract[187]	giv|new[187]	_	_
25-36	3496-3508	availability	abstract[187]	new[187]	_	_
25-37	3509-3512	for	abstract[187]	new[187]	_	_
25-38	3513-3516	the	abstract[187]|plant[188]	new[187]|giv[188]	_	_
25-39	3517-3522	plant	abstract[187]|plant[188]	new[187]|giv[188]	_	_
25-40	3523-3524	.	_	_	_	_

#Text=This implies that the comparison of the WUEi should be done under a similar range of gs .
26-1	3525-3529	This	abstract	giv	_	_
26-2	3530-3537	implies	_	_	_	_
26-3	3538-3542	that	_	_	_	_
26-4	3543-3546	the	abstract[190]	new[190]	_	_
26-5	3547-3557	comparison	abstract[190]	new[190]	_	_
26-6	3558-3560	of	abstract[190]	new[190]	_	_
26-7	3561-3564	the	abstract[190]|abstract[191]	new[190]|giv[191]	coref	30-12[219_191]
26-8	3565-3569	WUEi	abstract[190]|abstract[191]	new[190]|giv[191]	_	_
26-9	3570-3576	should	_	_	_	_
26-10	3577-3579	be	_	_	_	_
26-11	3580-3584	done	_	_	_	_
26-12	3585-3590	under	_	_	_	_
26-13	3591-3592	a	abstract[192]	new[192]	_	_
26-14	3593-3600	similar	abstract[192]	new[192]	_	_
26-15	3601-3606	range	abstract[192]	new[192]	_	_
26-16	3607-3609	of	abstract[192]	new[192]	_	_
26-17	3610-3612	gs	abstract[192]|abstract	new[192]|giv	coref	27-12
26-18	3613-3614	.	_	_	_	_

#Text=To overcome this dependency and compare under the whole range of gs samples , we have used a method proposed by Tortosa et al. .
27-1	3615-3617	To	_	_	_	_
27-2	3618-3626	overcome	_	_	_	_
27-3	3627-3631	this	abstract[194]	new[194]	_	_
27-4	3632-3642	dependency	abstract[194]	new[194]	_	_
27-5	3643-3646	and	_	_	_	_
27-6	3647-3654	compare	_	_	_	_
27-7	3655-3660	under	_	_	_	_
27-8	3661-3664	the	object[195]	new[195]	_	_
27-9	3665-3670	whole	object[195]	new[195]	_	_
27-10	3671-3676	range	object[195]	new[195]	_	_
27-11	3677-3679	of	object[195]	new[195]	_	_
27-12	3680-3682	gs	object[195]|abstract|object[197]	new[195]|giv|new[197]	_	_
27-13	3683-3690	samples	object[195]|object[197]	new[195]|new[197]	_	_
27-14	3691-3692	,	_	_	_	_
27-15	3693-3695	we	person	giv	_	_
27-16	3696-3700	have	_	_	_	_
27-17	3701-3705	used	_	_	_	_
27-18	3706-3707	a	abstract[199]	new[199]	_	_
27-19	3708-3714	method	abstract[199]	new[199]	_	_
27-20	3715-3723	proposed	_	_	_	_
27-21	3724-3726	by	_	_	_	_
27-22	3727-3734	Tortosa	person	new	_	_
27-23	3735-3737	et	_	_	_	_
27-24	3738-3741	al.	_	_	_	_
27-25	3742-3743	.	_	_	_	_

#Text=This consists of establishing a general WUEi-gs relationship ( log transformed for linearity ) based on the data of all genotypes that , in general , presents a high correlation coefficient .
28-1	3744-3748	This	_	_	_	_
28-2	3749-3757	consists	_	_	_	_
28-3	3758-3760	of	_	_	_	_
28-4	3761-3773	establishing	_	_	_	_
28-5	3774-3775	a	abstract[202]	new[202]	_	_
28-6	3776-3783	general	abstract[202]	new[202]	_	_
28-7	3784-3791	WUEi-gs	abstract|abstract[202]	new|new[202]	_	_
28-8	3792-3804	relationship	abstract[202]	new[202]	_	_
28-9	3805-3806	(	_	_	_	_
28-10	3807-3810	log	object	new	_	_
28-11	3811-3822	transformed	_	_	_	_
28-12	3823-3826	for	_	_	_	_
28-13	3827-3836	linearity	abstract	new	_	_
28-14	3837-3838	)	_	_	_	_
28-15	3839-3844	based	_	_	_	_
28-16	3845-3847	on	_	_	_	_
28-17	3848-3851	the	abstract[205]	new[205]	_	_
28-18	3852-3856	data	abstract[205]	new[205]	_	_
28-19	3857-3859	of	abstract[205]	new[205]	_	_
28-20	3860-3863	all	abstract[205]|abstract[206]	new[205]|giv[206]	_	_
28-21	3864-3873	genotypes	abstract[205]|abstract[206]	new[205]|giv[206]	_	_
28-22	3874-3878	that	_	_	_	_
28-23	3879-3880	,	_	_	_	_
28-24	3881-3883	in	_	_	_	_
28-25	3884-3891	general	abstract	new	_	_
28-26	3892-3893	,	_	_	_	_
28-27	3894-3902	presents	_	_	_	_
28-28	3903-3904	a	abstract[209]	new[209]	_	_
28-29	3905-3909	high	abstract[209]	new[209]	_	_
28-30	3910-3921	correlation	abstract|abstract[209]	new|new[209]	_	_
28-31	3922-3933	coefficient	abstract[209]	new[209]	_	_
28-32	3934-3935	.	_	_	_	_

#Text=Then , an average of the residuals of each genotype ( observed-predicted value ) is calculated ( and expressed in percentage ) , to rank the given genotype among the rest .
29-1	3936-3940	Then	_	_	_	_
29-2	3941-3942	,	_	_	_	_
29-3	3943-3945	an	abstract[210]	new[210]	_	_
29-4	3946-3953	average	abstract[210]	new[210]	_	_
29-5	3954-3956	of	abstract[210]	new[210]	_	_
29-6	3957-3960	the	abstract[210]|abstract[211]	new[210]|new[211]	_	_
29-7	3961-3970	residuals	abstract[210]|abstract[211]	new[210]|new[211]	_	_
29-8	3971-3973	of	abstract[210]|abstract[211]	new[210]|new[211]	_	_
29-9	3974-3978	each	abstract[210]|abstract[211]|abstract[212]	new[210]|new[211]|giv[212]	coref	29-26[215_212]
29-10	3979-3987	genotype	abstract[210]|abstract[211]|abstract[212]	new[210]|new[211]|giv[212]	_	_
29-11	3988-3989	(	_	_	_	_
29-12	3990-4008	observed-predicted	quantity[213]	new[213]	_	_
29-13	4009-4014	value	quantity[213]	new[213]	_	_
29-14	4015-4016	)	_	_	_	_
29-15	4017-4019	is	_	_	_	_
29-16	4020-4030	calculated	_	_	_	_
29-17	4031-4032	(	_	_	_	_
29-18	4033-4036	and	_	_	_	_
29-19	4037-4046	expressed	_	_	_	_
29-20	4047-4049	in	_	_	_	_
29-21	4050-4060	percentage	quantity	new	_	_
29-22	4061-4062	)	_	_	_	_
29-23	4063-4064	,	_	_	_	_
29-24	4065-4067	to	_	_	_	_
29-25	4068-4072	rank	_	_	_	_
29-26	4073-4076	the	abstract[215]	giv[215]	_	_
29-27	4077-4082	given	abstract[215]	giv[215]	_	_
29-28	4083-4091	genotype	abstract[215]	giv[215]	_	_
29-29	4092-4097	among	abstract[215]	giv[215]	_	_
29-30	4098-4101	the	abstract[215]|object[216]	giv[215]|new[216]	_	_
29-31	4102-4106	rest	abstract[215]|object[216]	giv[215]|new[216]	_	_
29-32	4107-4108	.	_	_	_	_

#Text=As part of a wide program to identify Tempranillo clones with enhanced WUE , the main objective of the present study was to evaluate whether , under realistic field conditions , the previously observed clonal differences in WUEi within Tempranillo cultivars were affected by environmental complex variations such as the “ year effect , ” commonly reported for grapevine harvest and quality .
30-1	4109-4111	As	_	_	_	_
30-2	4112-4116	part	_	_	_	_
30-3	4117-4119	of	_	_	_	_
30-4	4120-4121	a	abstract[217]	new[217]	_	_
30-5	4122-4126	wide	abstract[217]	new[217]	_	_
30-6	4127-4134	program	abstract[217]	new[217]	_	_
30-7	4135-4137	to	_	_	_	_
30-8	4138-4146	identify	_	_	_	_
30-9	4147-4158	Tempranillo	abstract[218]	giv[218]	_	_
30-10	4159-4165	clones	abstract[218]	giv[218]	_	_
30-11	4166-4170	with	_	_	_	_
30-12	4171-4179	enhanced	abstract[219]	giv[219]	coref	30-38[225_219]
30-13	4180-4183	WUE	abstract[219]	giv[219]	_	_
30-14	4184-4185	,	_	_	_	_
30-15	4186-4189	the	abstract[220]	new[220]	_	_
30-16	4190-4194	main	abstract[220]	new[220]	_	_
30-17	4195-4204	objective	abstract[220]	new[220]	_	_
30-18	4205-4207	of	abstract[220]	new[220]	_	_
30-19	4208-4211	the	abstract[220]|abstract[221]	new[220]|giv[221]	_	_
30-20	4212-4219	present	abstract[220]|abstract[221]	new[220]|giv[221]	_	_
30-21	4220-4225	study	abstract[220]|abstract[221]	new[220]|giv[221]	_	_
30-22	4226-4229	was	_	_	_	_
30-23	4230-4232	to	_	_	_	_
30-24	4233-4241	evaluate	_	_	_	_
30-25	4242-4249	whether	_	_	_	_
30-26	4250-4251	,	_	_	_	_
30-27	4252-4257	under	_	_	_	_
30-28	4258-4267	realistic	abstract[223]	giv[223]	_	_
30-29	4268-4273	field	place|abstract[223]	giv|giv[223]	_	_
30-30	4274-4284	conditions	abstract[223]	giv[223]	_	_
30-31	4285-4286	,	_	_	_	_
30-32	4287-4290	the	abstract[224]	giv[224]	_	_
30-33	4291-4301	previously	abstract[224]	giv[224]	_	_
30-34	4302-4310	observed	abstract[224]	giv[224]	_	_
30-35	4311-4317	clonal	abstract[224]	giv[224]	_	_
30-36	4318-4329	differences	abstract[224]	giv[224]	_	_
30-37	4330-4332	in	abstract[224]	giv[224]	_	_
30-38	4333-4337	WUEi	abstract[224]|abstract[225]	giv[224]|giv[225]	_	_
30-39	4338-4344	within	abstract[224]|abstract[225]	giv[224]|giv[225]	_	_
30-40	4345-4356	Tempranillo	abstract[224]|abstract[225]|animal|plant[227]	giv[224]|giv[225]|giv|giv[227]	_	_
30-41	4357-4366	cultivars	abstract[224]|abstract[225]|plant[227]	giv[224]|giv[225]|giv[227]	_	_
30-42	4367-4371	were	_	_	_	_
30-43	4372-4380	affected	_	_	_	_
30-44	4381-4383	by	_	_	_	_
30-45	4384-4397	environmental	abstract[228]	new[228]	_	_
30-46	4398-4405	complex	abstract[228]	new[228]	_	_
30-47	4406-4416	variations	abstract[228]	new[228]	_	_
30-48	4417-4421	such	abstract[228]	new[228]	_	_
30-49	4422-4424	as	abstract[228]	new[228]	_	_
30-50	4425-4428	the	abstract[228]|abstract[230]	new[228]|new[230]	_	_
30-51	4429-4430	“	abstract[228]|abstract[230]	new[228]|new[230]	_	_
30-52	4431-4435	year	abstract[228]|time|abstract[230]	new[228]|new|new[230]	_	_
30-53	4436-4442	effect	abstract[228]|abstract[230]	new[228]|new[230]	_	_
30-54	4443-4444	,	_	_	_	_
30-55	4445-4446	”	_	_	_	_
30-56	4447-4455	commonly	_	_	_	_
30-57	4456-4464	reported	_	_	_	_
30-58	4465-4468	for	_	_	_	_
30-59	4469-4478	grapevine	place|event[232]	new|new[232]	_	_
30-60	4479-4486	harvest	event[232]	new[232]	_	_
30-61	4487-4490	and	_	_	_	_
30-62	4491-4498	quality	abstract	giv	_	_
30-63	4499-4500	.	_	_	_	_
