#FORMAT=WebAnno TSV 3.2
#T_SP=webanno.custom.Referent|entity|infstat
#T_RL=webanno.custom.Coref|type|BT_webanno.custom.Referent


#Text=Alexander Munro of Bearcrofts
1-1	0-9	Alexander	person[1]	new[1]	_	_
1-2	10-15	Munro	person[1]	new[1]	_	_
1-3	16-18	of	person[1]	new[1]	_	_
1-4	19-29	Bearcrofts	person[1]|place	new[1]|new	coref	2-5

#Text=Sir Alexander Munro of Bearcrofts ( died 4 January 1704 ) was a Scottish soldier and politician of the 17th century .
2-1	30-33	Sir	person[3]	new[3]	coref	2-13[8_3]
2-2	34-43	Alexander	person[3]	new[3]	_	_
2-3	44-49	Munro	person[3]	new[3]	_	_
2-4	50-52	of	person[3]	new[3]	_	_
2-5	53-63	Bearcrofts	person[3]|place	new[3]|giv	coref	7-13
2-6	64-65	(	_	_	_	_
2-7	66-70	died	_	_	_	_
2-8	71-72	4	time[5]	new[5]	coref	28-4[221_5]
2-9	73-80	January	time[5]|time[6]	new[5]|new[6]	coref	28-5[222_6]
2-10	81-85	1704	time[5]|time[6]|time	new[5]|new[6]|new	coref	28-6
2-11	86-87	)	_	_	_	_
2-12	88-91	was	_	_	_	_
2-13	92-93	a	person[8]	giv[8]	_	_
2-14	94-102	Scottish	person[8]	giv[8]	_	_
2-15	103-110	soldier	person[8]	giv[8]	_	_
2-16	111-114	and	person[8]	giv[8]	_	_
2-17	115-125	politician	person[8]|person[9]	giv[8]|new[9]	_	_
2-18	126-128	of	person[8]|person[9]	giv[8]|new[9]	_	_
2-19	129-132	the	person[8]|person[9]|time[10]	giv[8]|new[9]|new[10]	_	_
2-20	133-137	17th	person[8]|person[9]|time[10]	giv[8]|new[9]|new[10]	_	_
2-21	138-145	century	person[8]|person[9]|time[10]	giv[8]|new[9]|new[10]	_	_
2-22	146-147	.	_	_	_	_

#Text=Lineage
3-1	148-155	Lineage	abstract	new	_	_

#Text=The Munro of Milntown family descends from John Munro , 1st of Milntown , the second son of Hugh Munro , 9th Baron of Foulis ( d. 1425 ) .
4-1	156-159	The	person[12]	new[12]	coref	4-19[18_12]
4-2	160-165	Munro	person[12]	new[12]	_	_
4-3	166-168	of	person[12]	new[12]	_	_
4-4	169-177	Milntown	person[12]|place|abstract[14]	new[12]|new|new[14]	coref	4-13
4-5	178-184	family	person[12]|abstract[14]	new[12]|new[14]	_	_
4-6	185-193	descends	_	_	_	_
4-7	194-198	from	_	_	_	_
4-8	199-203	John	person[15]	new[15]	appos	4-15[17_15]
4-9	204-209	Munro	person[15]	new[15]	_	_
4-10	210-211	,	person[15]	new[15]	_	_
4-11	212-215	1st	person[15]	new[15]	_	_
4-12	216-218	of	_	_	_	_
4-13	219-227	Milntown	time	giv	coref	5-9
4-14	228-229	,	_	_	_	_
4-15	230-233	the	person[17]	giv[17]	coref	5-4[23_17]
4-16	234-240	second	person[17]	giv[17]	_	_
4-17	241-244	son	person[17]	giv[17]	_	_
4-18	245-247	of	person[17]	giv[17]	_	_
4-19	248-252	Hugh	person[17]|person[18]	giv[17]|giv[18]	appos	4-22[19_18]
4-20	253-258	Munro	person[17]|person[18]	giv[17]|giv[18]	_	_
4-21	259-260	,	_	_	_	_
4-22	261-264	9th	person[19]	giv[19]	coref	5-12[25_19]
4-23	265-270	Baron	person[19]	giv[19]	_	_
4-24	271-273	of	person[19]	giv[19]	_	_
4-25	274-280	Foulis	person[19]|place	giv[19]|new	_	_
4-26	281-282	(	_	_	_	_
4-27	283-285	d.	_	_	_	_
4-28	286-290	1425	time	new	_	_
4-29	291-292	)	_	_	_	_
4-30	293-294	.	_	_	_	_

#Text=Three generations after John Munro , 1st of Milntown , is George Munro , 4th of Milntown , who became one of the most prominent ministers in the Reformed Church in the north of Scotland .
5-1	295-300	Three	abstract[22]	new[22]	_	_
5-2	301-312	generations	abstract[22]	new[22]	_	_
5-3	313-318	after	abstract[22]	new[22]	_	_
5-4	319-323	John	abstract[22]|person[23]	new[22]|giv[23]	coref	6-1[33_23]
5-5	324-329	Munro	abstract[22]|person[23]	new[22]|giv[23]	_	_
5-6	330-331	,	abstract[22]|person[23]	new[22]|giv[23]	_	_
5-7	332-335	1st	abstract[22]|person[23]	new[22]|giv[23]	_	_
5-8	336-338	of	_	_	_	_
5-9	339-347	Milntown	place	giv	coref	5-17
5-10	348-349	,	_	_	_	_
5-11	350-352	is	_	_	_	_
5-12	353-359	George	person[25]	giv[25]	coref	22-1[0_25]
5-13	360-365	Munro	person[25]	giv[25]	_	_
5-14	366-367	,	_	_	_	_
5-15	368-371	4th	event[26]	new[26]	_	_
5-16	372-374	of	event[26]	new[26]	_	_
5-17	375-383	Milntown	event[26]|place	new[26]|giv	_	_
5-18	384-385	,	_	_	_	_
5-19	386-389	who	_	_	_	_
5-20	390-396	became	_	_	_	_
5-21	397-400	one	person[28]	new[28]	_	_
5-22	401-403	of	person[28]	new[28]	_	_
5-23	404-407	the	person[28]|person[29]	new[28]|new[29]	_	_
5-24	408-412	most	person[28]|person[29]	new[28]|new[29]	_	_
5-25	413-422	prominent	person[28]|person[29]	new[28]|new[29]	_	_
5-26	423-432	ministers	person[28]|person[29]	new[28]|new[29]	_	_
5-27	433-435	in	person[28]|person[29]	new[28]|new[29]	_	_
5-28	436-439	the	person[28]|person[29]|organization[30]	new[28]|new[29]|new[30]	_	_
5-29	440-448	Reformed	person[28]|person[29]|organization[30]	new[28]|new[29]|new[30]	_	_
5-30	449-455	Church	person[28]|person[29]|organization[30]	new[28]|new[29]|new[30]	_	_
5-31	456-458	in	person[28]|person[29]|organization[30]	new[28]|new[29]|new[30]	_	_
5-32	459-462	the	person[28]|person[29]|organization[30]|place[31]	new[28]|new[29]|new[30]|new[31]	_	_
5-33	463-468	north	person[28]|person[29]|organization[30]|place[31]	new[28]|new[29]|new[30]|new[31]	_	_
5-34	469-471	of	person[28]|person[29]|organization[30]|place[31]	new[28]|new[29]|new[30]|new[31]	_	_
5-35	472-480	Scotland	person[28]|person[29]|organization[30]|place[31]|place	new[28]|new[29]|new[30]|new[31]|new	coref	15-33
5-36	481-482	.	_	_	_	_

#Text=His third son , also called George , 1st of Pitlunde , followed in his footsteps .
6-1	483-486	His	person[33]	giv[33]	ana	6-15[0_33]
6-2	487-492	third	person[33]	giv[33]	_	_
6-3	493-496	son	person[33]	giv[33]	_	_
6-4	497-498	,	_	_	_	_
6-5	499-503	also	_	_	_	_
6-6	504-510	called	_	_	_	_
6-7	511-517	George	place[34]	new[34]	coref	7-2[38_34]
6-8	518-519	,	place[34]	new[34]	_	_
6-9	520-523	1st	place[34]	new[34]	_	_
6-10	524-526	of	_	_	_	_
6-11	527-535	Pitlunde	place	new	_	_
6-12	536-537	,	_	_	_	_
6-13	538-546	followed	_	_	_	_
6-14	547-549	in	_	_	_	_
6-15	550-553	his	person|abstract[37]	giv|new[37]	coref	7-1[39_0]
6-16	554-563	footsteps	abstract[37]	new[37]	_	_
6-17	564-565	.	_	_	_	_

#Text=This George 's second eldest son was Alexander Munro , 1st of Bearcrofts . [ 1 ]
7-1	566-570	This	person[39]	giv[39]	coref	7-8[40_39]
7-2	571-577	George	place[38]|person[39]	giv[38]|giv[39]	_	_
7-3	578-580	's	place[38]|person[39]	giv[38]|giv[39]	_	_
7-4	581-587	second	person[39]	giv[39]	_	_
7-5	588-594	eldest	person[39]	giv[39]	_	_
7-6	595-598	son	person[39]	giv[39]	_	_
7-7	599-602	was	_	_	_	_
7-8	603-612	Alexander	person[40]	giv[40]	coref	9-1[0_40]
7-9	613-618	Munro	person[40]	giv[40]	_	_
7-10	619-620	,	_	_	_	_
7-11	621-624	1st	_	_	_	_
7-12	625-627	of	_	_	_	_
7-13	628-638	Bearcrofts	place	giv	coref	13-10
7-14	639-640	.	_	_	_	_
7-15	641-642	[	_	_	_	_
7-16	643-644	1	abstract	new	coref	10-19
7-17	645-646	]	_	_	_	_

#Text=Career
8-1	647-653	Career	abstract	new	_	_

#Text=Alexander took up the army as his profession and served for some time as a Major in an infantry regiment in Ireland .
9-1	654-663	Alexander	person	giv	ana	9-7
9-2	664-668	took	_	_	_	_
9-3	669-671	up	_	_	_	_
9-4	672-675	the	abstract[45]	new[45]	coref	10-9[53_45]
9-5	676-680	army	abstract[45]	new[45]	_	_
9-6	681-683	as	_	_	_	_
9-7	684-687	his	person	giv	ana	10-1
9-8	688-698	profession	_	_	_	_
9-9	699-702	and	_	_	_	_
9-10	703-709	served	_	_	_	_
9-11	710-713	for	_	_	_	_
9-12	714-718	some	_	_	_	_
9-13	719-723	time	_	_	_	_
9-14	724-726	as	_	_	_	_
9-15	727-728	a	_	_	_	_
9-16	729-734	Major	_	_	_	_
9-17	735-737	in	_	_	_	_
9-18	738-740	an	organization[48]	new[48]	_	_
9-19	741-749	infantry	organization|organization[48]	new|new[48]	_	_
9-20	750-758	regiment	organization[48]	new[48]	_	_
9-21	759-761	in	organization[48]	new[48]	_	_
9-22	762-769	Ireland	organization[48]|place	new[48]|new	_	_
9-23	770-771	.	_	_	_	_

#Text=He was knighted for his distinguished services in the army and was appointed Commissioner of Stirling . [ 1 ]
10-1	772-774	He	person	giv	ana	10-5
10-2	775-778	was	_	_	_	_
10-3	779-787	knighted	_	_	_	_
10-4	788-791	for	_	_	_	_
10-5	792-795	his	person|abstract[52]	giv|new[52]	coref	11-1
10-6	796-809	distinguished	abstract[52]	new[52]	_	_
10-7	810-818	services	abstract[52]	new[52]	_	_
10-8	819-821	in	abstract[52]	new[52]	_	_
10-9	822-825	the	abstract[52]|organization[53]	new[52]|giv[53]	_	_
10-10	826-830	army	abstract[52]|organization[53]	new[52]|giv[53]	_	_
10-11	831-834	and	_	_	_	_
10-12	835-838	was	_	_	_	_
10-13	839-848	appointed	_	_	_	_
10-14	849-861	Commissioner	person[54]	new[54]	_	_
10-15	862-864	of	person[54]	new[54]	_	_
10-16	865-873	Stirling	person[54]|place	new[54]|new	_	_
10-17	874-875	.	_	_	_	_
10-18	876-877	[	_	_	_	_
10-19	878-879	1	abstract	giv	_	_
10-20	880-881	]	_	_	_	_

#Text=Alexander fought for King Charles II at the Battle of Worcester ( 3 September 1651 ) .
11-1	882-891	Alexander	person	giv	coref	30-9[231_0]
11-2	892-898	fought	_	_	_	_
11-3	899-902	for	_	_	_	_
11-4	903-907	King	person[58]	new[58]	ana	12-1[0_58]
11-5	908-915	Charles	person[58]	new[58]	_	_
11-6	916-918	II	person[58]	new[58]	_	_
11-7	919-921	at	_	_	_	_
11-8	922-925	the	event[59]	new[59]	coref	12-3[64_59]
11-9	926-932	Battle	event[59]	new[59]	_	_
11-10	933-935	of	event[59]	new[59]	_	_
11-11	936-945	Worcester	event[59]|place	new[59]|new	_	_
11-12	946-947	(	_	_	_	_
11-13	948-949	3	_	_	_	_
11-14	950-959	September	time	new	_	_
11-15	960-964	1651	time	new	_	_
11-16	965-966	)	_	_	_	_
11-17	967-968	.	_	_	_	_

#Text=He survived the battle and was not captured , afterward he took to the study of the law . [ 2 ]
12-1	969-971	He	person	giv	ana	12-11
12-2	972-980	survived	_	_	_	_
12-3	981-984	the	event[64]	giv[64]	_	_
12-4	985-991	battle	event[64]	giv[64]	_	_
12-5	992-995	and	_	_	_	_
12-6	996-999	was	_	_	_	_
12-7	1000-1003	not	_	_	_	_
12-8	1004-1012	captured	_	_	_	_
12-9	1013-1014	,	_	_	_	_
12-10	1015-1024	afterward	_	_	_	_
12-11	1025-1027	he	person	giv	ana	13-3
12-12	1028-1032	took	_	_	_	_
12-13	1033-1035	to	_	_	_	_
12-14	1036-1039	the	abstract[66]	new[66]	_	_
12-15	1040-1045	study	abstract[66]	new[66]	_	_
12-16	1046-1048	of	abstract[66]	new[66]	_	_
12-17	1049-1052	the	abstract[66]|abstract[67]	new[66]|new[67]	_	_
12-18	1053-1056	law	abstract[66]|abstract[67]	new[66]|new[67]	_	_
12-19	1057-1058	.	_	_	_	_
12-20	1059-1060	[	_	_	_	_
12-21	1061-1062	2	abstract	new	coref	16-41
12-22	1063-1064	]	_	_	_	_

#Text=In 1657 he bought a small Stirlingshire property called Bearcrofts , which lies on the flat southern shore of the Firth of Forth near Grangemouth .
13-1	1065-1067	In	_	_	_	_
13-2	1068-1072	1657	time	new	_	_
13-3	1073-1075	he	person	giv	ana	14-3
13-4	1076-1082	bought	_	_	_	_
13-5	1083-1084	a	place[72]	new[72]	_	_
13-6	1085-1090	small	place[72]	new[72]	_	_
13-7	1091-1104	Stirlingshire	abstract|place[72]	new|new[72]	coref	14-8
13-8	1105-1113	property	place[72]	new[72]	_	_
13-9	1114-1120	called	_	_	_	_
13-10	1121-1131	Bearcrofts	place	giv	coref	33-6
13-11	1132-1133	,	_	_	_	_
13-12	1134-1139	which	_	_	_	_
13-13	1140-1144	lies	_	_	_	_
13-14	1145-1147	on	_	_	_	_
13-15	1148-1151	the	place[74]	new[74]	_	_
13-16	1152-1156	flat	place[74]	new[74]	_	_
13-17	1157-1165	southern	place[74]	new[74]	_	_
13-18	1166-1171	shore	place[74]	new[74]	_	_
13-19	1172-1174	of	place[74]	new[74]	_	_
13-20	1175-1178	the	place[74]|place[75]	new[74]|new[75]	_	_
13-21	1179-1184	Firth	place[74]|place[75]	new[74]|new[75]	_	_
13-22	1185-1187	of	place[74]|place[75]	new[74]|new[75]	_	_
13-23	1188-1193	Forth	place[74]|place[75]|abstract[76]	new[74]|new[75]|new[76]	_	_
13-24	1194-1198	near	place[74]|place[75]|abstract[76]	new[74]|new[75]|new[76]	_	_
13-25	1199-1210	Grangemouth	place[74]|place[75]|abstract[76]|place	new[74]|new[75]|new[76]|new	_	_
13-26	1211-1212	.	_	_	_	_

#Text=In 1660 he was appointed Commissary of Stirlingshire , that is to say , judge of the local court , representing the old ecclesiastical court , with jurisdiction in questions of marriage , divorce , affiliation and testaments .
14-1	1213-1215	In	_	_	_	_
14-2	1216-1220	1660	time	new	_	_
14-3	1221-1223	he	person	giv	ana	15-4
14-4	1224-1227	was	_	_	_	_
14-5	1228-1237	appointed	_	_	_	_
14-6	1238-1248	Commissary	person[80]	new[80]	coref	19-11[157_80]
14-7	1249-1251	of	person[80]	new[80]	_	_
14-8	1252-1265	Stirlingshire	person[80]|place	new[80]|giv	ana	14-10
14-9	1266-1267	,	_	_	_	_
14-10	1268-1272	that	place	giv	coref	26-13
14-11	1273-1275	is	_	_	_	_
14-12	1276-1278	to	_	_	_	_
14-13	1279-1282	say	_	_	_	_
14-14	1283-1284	,	_	_	_	_
14-15	1285-1290	judge	person[83]	new[83]	_	_
14-16	1291-1293	of	person[83]	new[83]	_	_
14-17	1294-1297	the	person[83]|organization[84]	new[83]|new[84]	coref	14-22[85_84]
14-18	1298-1303	local	person[83]|organization[84]	new[83]|new[84]	_	_
14-19	1304-1309	court	person[83]|organization[84]	new[83]|new[84]	_	_
14-20	1310-1311	,	_	_	_	_
14-21	1312-1324	representing	_	_	_	_
14-22	1325-1328	the	organization[85]	giv[85]	coref	15-24[100_85]
14-23	1329-1332	old	organization[85]	giv[85]	_	_
14-24	1333-1347	ecclesiastical	organization[85]	giv[85]	_	_
14-25	1348-1353	court	organization[85]	giv[85]	_	_
14-26	1354-1355	,	_	_	_	_
14-27	1356-1360	with	_	_	_	_
14-28	1361-1373	jurisdiction	abstract[86]	new[86]	_	_
14-29	1374-1376	in	abstract[86]	new[86]	_	_
14-30	1377-1386	questions	abstract[86]|abstract[87]	new[86]|new[87]	_	_
14-31	1387-1389	of	abstract[86]|abstract[87]	new[86]|new[87]	_	_
14-32	1390-1398	marriage	abstract[86]|abstract[87]|abstract	new[86]|new[87]|new	_	_
14-33	1399-1400	,	abstract[86]|abstract[87]	new[86]|new[87]	_	_
14-34	1401-1408	divorce	abstract[86]|abstract[87]|abstract	new[86]|new[87]|new	_	_
14-35	1409-1410	,	abstract[86]|abstract[87]	new[86]|new[87]	_	_
14-36	1411-1422	affiliation	abstract[86]|abstract[87]|abstract	new[86]|new[87]|new	_	_
14-37	1423-1426	and	abstract[86]|abstract[87]	new[86]|new[87]	_	_
14-38	1427-1437	testaments	abstract[86]|abstract[87]|abstract	new[86]|new[87]|new	_	_
14-39	1438-1439	.	_	_	_	_

#Text=Two years later he passed advocate of the Scottish bar , and in 1669 he was nominated one of the six clerks in the Court of Session , the supreme court in Scotland .
15-1	1440-1443	Two	time[92]	new[92]	_	_
15-2	1444-1449	years	time[92]	new[92]	_	_
15-3	1450-1455	later	_	_	_	_
15-4	1456-1458	he	person	giv	ana	15-15
15-5	1459-1465	passed	_	_	_	_
15-6	1466-1474	advocate	person[94]	new[94]	_	_
15-7	1475-1477	of	person[94]	new[94]	_	_
15-8	1478-1481	the	person[94]|organization[95]	new[94]|new[95]	_	_
15-9	1482-1490	Scottish	person[94]|organization[95]	new[94]|new[95]	_	_
15-10	1491-1494	bar	person[94]|organization[95]	new[94]|new[95]	_	_
15-11	1495-1496	,	_	_	_	_
15-12	1497-1500	and	_	_	_	_
15-13	1501-1503	in	_	_	_	_
15-14	1504-1508	1669	time	new	_	_
15-15	1509-1511	he	person	giv	coref	17-40[131_0]
15-16	1512-1515	was	_	_	_	_
15-17	1516-1525	nominated	_	_	_	_
15-18	1526-1529	one	person[98]	new[98]	coref	16-6[106_98]
15-19	1530-1532	of	person[98]	new[98]	_	_
15-20	1533-1536	the	person[98]|person[99]	new[98]|new[99]	coref	16-9[0_99]
15-21	1537-1540	six	person[98]|person[99]	new[98]|new[99]	_	_
15-22	1541-1547	clerks	person[98]|person[99]	new[98]|new[99]	_	_
15-23	1548-1550	in	person[98]|person[99]	new[98]|new[99]	_	_
15-24	1551-1554	the	person[98]|person[99]|organization[100]	new[98]|new[99]|giv[100]	coref	15-29[102_100]
15-25	1555-1560	Court	person[98]|person[99]|organization[100]	new[98]|new[99]|giv[100]	_	_
15-26	1561-1563	of	person[98]|person[99]|organization[100]	new[98]|new[99]|giv[100]	_	_
15-27	1564-1571	Session	person[98]|person[99]|organization[100]|person	new[98]|new[99]|giv[100]|new	_	_
15-28	1572-1573	,	_	_	_	_
15-29	1574-1577	the	organization[102]	giv[102]	coref	26-28[0_102]
15-30	1578-1585	supreme	organization[102]	giv[102]	_	_
15-31	1586-1591	court	organization[102]	giv[102]	_	_
15-32	1592-1594	in	organization[102]	giv[102]	_	_
15-33	1595-1603	Scotland	organization[102]|place	giv[102]|giv	coref	16-17[111_0]
15-34	1604-1605	.	_	_	_	_

#Text=In June 1676 , when the staff of clerks was reduced to three , he lost his place and , attributing this result to the machinations of the Duke of Lauderdale , he joined the malcontent Presbyterian party . [ 2 ]
16-1	1606-1608	In	_	_	_	_
16-2	1609-1613	June	time[104]	new[104]	_	_
16-3	1614-1618	1676	time[104]|time	new[104]|new	_	_
16-4	1619-1620	,	_	_	_	_
16-5	1621-1625	when	_	_	_	_
16-6	1626-1629	the	person[106]	giv[106]	ana	16-15[0_106]
16-7	1630-1635	staff	person[106]	giv[106]	_	_
16-8	1636-1638	of	person[106]	giv[106]	_	_
16-9	1639-1645	clerks	person[106]|person	giv[106]|giv	_	_
16-10	1646-1649	was	_	_	_	_
16-11	1650-1657	reduced	_	_	_	_
16-12	1658-1660	to	_	_	_	_
16-13	1661-1666	three	quantity	new	coref	21-11
16-14	1667-1668	,	_	_	_	_
16-15	1669-1671	he	person	giv	ana	16-17
16-16	1672-1676	lost	_	_	_	_
16-17	1677-1680	his	person|place[111]	giv|giv[111]	ana	16-33
16-18	1681-1686	place	place[111]	giv[111]	_	_
16-19	1687-1690	and	_	_	_	_
16-20	1691-1692	,	_	_	_	_
16-21	1693-1704	attributing	_	_	_	_
16-22	1705-1709	this	event[112]	new[112]	_	_
16-23	1710-1716	result	event[112]	new[112]	_	_
16-24	1717-1719	to	_	_	_	_
16-25	1720-1723	the	abstract[113]	new[113]	_	_
16-26	1724-1736	machinations	abstract[113]	new[113]	_	_
16-27	1737-1739	of	abstract[113]	new[113]	_	_
16-28	1740-1743	the	abstract[113]	new[113]	_	_
16-29	1744-1748	Duke	abstract[113]	new[113]	_	_
16-30	1749-1751	of	abstract[113]	new[113]	_	_
16-31	1752-1762	Lauderdale	abstract[113]|person	new[113]|new	_	_
16-32	1763-1764	,	_	_	_	_
16-33	1765-1767	he	person	giv	ana	17-6
16-34	1768-1774	joined	_	_	_	_
16-35	1775-1778	the	organization[117]	new[117]	coref	26-27[211_117]
16-36	1779-1789	malcontent	organization[117]	new[117]	_	_
16-37	1790-1802	Presbyterian	person|organization[117]	new|new[117]	_	_
16-38	1803-1808	party	organization[117]	new[117]	_	_
16-39	1809-1810	.	_	_	_	_
16-40	1811-1812	[	_	_	_	_
16-41	1813-1814	2	abstract	giv	_	_
16-42	1815-1816	]	_	_	_	_

#Text=In the spring of 1683 he and several sympathisers went to London , ostensibly to arrange for a Scots colony in the Carolinas , but really to help the Earl of Shaftesbury in a great Whig plot to overthrow the King and Government and to exclude the Catholic Duke of York from succession to the throne .
17-1	1817-1819	In	_	_	_	_
17-2	1820-1823	the	time[119]	new[119]	_	_
17-3	1824-1830	spring	time[119]	new[119]	_	_
17-4	1831-1833	of	time[119]	new[119]	_	_
17-5	1834-1838	1683	time[119]|time	new[119]|new	coref	19-3
17-6	1839-1841	he	person	giv	_	_
17-7	1842-1845	and	_	_	_	_
17-8	1846-1853	several	person[122]	new[122]	_	_
17-9	1854-1866	sympathisers	person[122]	new[122]	_	_
17-10	1867-1871	went	_	_	_	_
17-11	1872-1874	to	_	_	_	_
17-12	1875-1881	London	place	new	coref	18-41
17-13	1882-1883	,	_	_	_	_
17-14	1884-1894	ostensibly	_	_	_	_
17-15	1895-1897	to	_	_	_	_
17-16	1898-1905	arrange	_	_	_	_
17-17	1906-1909	for	_	_	_	_
17-18	1910-1911	a	organization[125]	new[125]	_	_
17-19	1912-1917	Scots	person|organization[125]	new|new[125]	_	_
17-20	1918-1924	colony	organization[125]	new[125]	_	_
17-21	1925-1927	in	organization[125]	new[125]	_	_
17-22	1928-1931	the	organization[125]|place[126]	new[125]|new[126]	_	_
17-23	1932-1941	Carolinas	organization[125]|place[126]	new[125]|new[126]	_	_
17-24	1942-1943	,	_	_	_	_
17-25	1944-1947	but	_	_	_	_
17-26	1948-1954	really	_	_	_	_
17-27	1955-1957	to	_	_	_	_
17-28	1958-1962	help	_	_	_	_
17-29	1963-1966	the	person[127]	new[127]	_	_
17-30	1967-1971	Earl	person[127]	new[127]	_	_
17-31	1972-1974	of	person[127]	new[127]	_	_
17-32	1975-1986	Shaftesbury	person[127]|place	new[127]|new	_	_
17-33	1987-1989	in	person[127]	new[127]	_	_
17-34	1990-1991	a	person[127]|event[130]	new[127]|new[130]	_	_
17-35	1992-1997	great	person[127]|event[130]	new[127]|new[130]	_	_
17-36	1998-2002	Whig	person[127]|object|event[130]	new[127]|new|new[130]	_	_
17-37	2003-2007	plot	person[127]|event[130]	new[127]|new[130]	_	_
17-38	2008-2010	to	_	_	_	_
17-39	2011-2020	overthrow	_	_	_	_
17-40	2021-2024	the	person[131]|person[132]	giv[131]|new[132]	coref|coref	18-23[144_131]|18-23[145_132]
17-41	2025-2029	King	person[131]|person[132]	giv[131]|new[132]	_	_
17-42	2030-2033	and	person[132]	new[132]	_	_
17-43	2034-2044	Government	person[132]|organization	new[132]|new	coref	19-4[155_0]
17-44	2045-2048	and	_	_	_	_
17-45	2049-2051	to	_	_	_	_
17-46	2052-2059	exclude	_	_	_	_
17-47	2060-2063	the	person[134]	new[134]	_	_
17-48	2064-2072	Catholic	person[134]	new[134]	_	_
17-49	2073-2077	Duke	person[134]	new[134]	_	_
17-50	2078-2080	of	person[134]	new[134]	_	_
17-51	2081-2085	York	person[134]|place	new[134]|new	_	_
17-52	2086-2090	from	_	_	_	_
17-53	2091-2101	succession	abstract[136]	new[136]	_	_
17-54	2102-2104	to	abstract[136]	new[136]	_	_
17-55	2105-2108	the	abstract[136]|abstract[137]	new[136]|new[137]	_	_
17-56	2109-2115	throne	abstract[136]|abstract[137]	new[136]|new[137]	_	_
17-57	2116-2117	.	_	_	_	_

#Text=An inner circle of conspirators , including nine of the Scotsmen except Robert Ferguson , had a scheme to waylay and murder the King and the Duke of York at the Rye House while on their way from Newmarket to London .
18-1	2118-2120	An	abstract[138]	new[138]	_	_
18-2	2121-2126	inner	abstract[138]	new[138]	_	_
18-3	2127-2133	circle	abstract[138]	new[138]	_	_
18-4	2134-2136	of	abstract[138]	new[138]	_	_
18-5	2137-2149	conspirators	abstract[138]|person	new[138]|new	coref	21-6[171_0]
18-6	2150-2151	,	abstract[138]	new[138]	_	_
18-7	2152-2161	including	abstract[138]	new[138]	_	_
18-8	2162-2166	nine	abstract[138]|person[140]	new[138]|new[140]	_	_
18-9	2167-2169	of	abstract[138]|person[140]	new[138]|new[140]	_	_
18-10	2170-2173	the	abstract[138]|person[140]|person[141]	new[138]|new[140]|new[141]	coref	20-11[162_141]
18-11	2174-2182	Scotsmen	abstract[138]|person[140]|person[141]	new[138]|new[140]|new[141]	_	_
18-12	2183-2189	except	abstract[138]|person[140]|person[141]	new[138]|new[140]|new[141]	_	_
18-13	2190-2196	Robert	abstract[138]|person[140]|person[141]|person[142]	new[138]|new[140]|new[141]|new[142]	_	_
18-14	2197-2205	Ferguson	abstract[138]|person[140]|person[141]|person[142]	new[138]|new[140]|new[141]|new[142]	_	_
18-15	2206-2207	,	_	_	_	_
18-16	2208-2211	had	_	_	_	_
18-17	2212-2213	a	event[143]	new[143]	_	_
18-18	2214-2220	scheme	event[143]	new[143]	_	_
18-19	2221-2223	to	_	_	_	_
18-20	2224-2230	waylay	_	_	_	_
18-21	2231-2234	and	_	_	_	_
18-22	2235-2241	murder	_	_	_	_
18-23	2242-2245	the	person[144]|person[145]	giv[144]|giv[145]	ana	18-36[0_145]
18-24	2246-2250	King	person[144]|person[145]	giv[144]|giv[145]	_	_
18-25	2251-2254	and	person[145]	giv[145]	_	_
18-26	2255-2258	the	person[145]|person[146]	giv[145]|new[146]	_	_
18-27	2259-2263	Duke	person[145]|person[146]	giv[145]|new[146]	_	_
18-28	2264-2266	of	person[145]|person[146]	giv[145]|new[146]	_	_
18-29	2267-2271	York	person[145]|person[146]|person	giv[145]|new[146]|new	_	_
18-30	2272-2274	at	_	_	_	_
18-31	2275-2278	the	place[148]	new[148]	_	_
18-32	2279-2282	Rye	place[148]	new[148]	_	_
18-33	2283-2288	House	place[148]	new[148]	_	_
18-34	2289-2294	while	_	_	_	_
18-35	2295-2297	on	_	_	_	_
18-36	2298-2303	their	person|event[150]	giv|new[150]	_	_
18-37	2304-2307	way	event[150]	new[150]	_	_
18-38	2308-2312	from	event[150]	new[150]	_	_
18-39	2313-2322	Newmarket	event[150]|place	new[150]|new	_	_
18-40	2323-2325	to	event[150]	new[150]	_	_
18-41	2326-2332	London	event[150]|place	new[150]|giv	_	_
18-42	2333-2334	.	_	_	_	_

#Text=In June 1683 the Government discovered both plots , and Commissary Munro , among many others , was arrested .
19-1	2335-2337	In	_	_	_	_
19-2	2338-2342	June	time[153]	new[153]	_	_
19-3	2343-2347	1683	time[153]|time	new[153]|giv	_	_
19-4	2348-2351	the	organization[155]	giv[155]	coref	27-4[213_155]
19-5	2352-2362	Government	organization[155]	giv[155]	_	_
19-6	2363-2373	discovered	_	_	_	_
19-7	2374-2378	both	event[156]	new[156]	_	_
19-8	2379-2384	plots	event[156]	new[156]	_	_
19-9	2385-2386	,	_	_	_	_
19-10	2387-2390	and	_	_	_	_
19-11	2391-2401	Commissary	person[157]	giv[157]	ana	20-9[0_157]
19-12	2402-2407	Munro	person[157]	giv[157]	_	_
19-13	2408-2409	,	_	_	_	_
19-14	2410-2415	among	_	_	_	_
19-15	2416-2420	many	person[158]	new[158]	coref	23-13[0_158]
19-16	2421-2427	others	person[158]	new[158]	_	_
19-17	2428-2429	,	_	_	_	_
19-18	2430-2433	was	_	_	_	_
19-19	2434-2442	arrested	_	_	_	_
19-20	2443-2444	.	_	_	_	_

#Text=After a Preliminary examination by the Privy Council he and a dozen other Scotsmen were sent to Edinburgh for trial and ware imprisoned in the Tolbooth in solitary confinement for ten months .
20-1	2445-2450	After	_	_	_	_
20-2	2451-2452	a	event[159]	new[159]	_	_
20-3	2453-2464	Preliminary	event[159]	new[159]	_	_
20-4	2465-2476	examination	event[159]	new[159]	_	_
20-5	2477-2479	by	event[159]	new[159]	_	_
20-6	2480-2483	the	event[159]|organization[160]	new[159]|new[160]	_	_
20-7	2484-2489	Privy	event[159]|organization[160]	new[159]|new[160]	_	_
20-8	2490-2497	Council	event[159]|organization[160]	new[159]|new[160]	_	_
20-9	2498-2500	he	person	giv	_	_
20-10	2501-2504	and	_	_	_	_
20-11	2505-2506	a	person[162]	giv[162]	_	_
20-12	2507-2512	dozen	person[162]	giv[162]	_	_
20-13	2513-2518	other	person[162]	giv[162]	_	_
20-14	2519-2527	Scotsmen	person[162]	giv[162]	_	_
20-15	2528-2532	were	_	_	_	_
20-16	2533-2537	sent	_	_	_	_
20-17	2538-2540	to	_	_	_	_
20-18	2541-2550	Edinburgh	place	new	coref	33-16
20-19	2551-2554	for	_	_	_	_
20-20	2555-2560	trial	event	new	_	_
20-21	2561-2564	and	_	_	_	_
20-22	2565-2569	ware	place	new	_	_
20-23	2570-2580	imprisoned	_	_	_	_
20-24	2581-2583	in	_	_	_	_
20-25	2584-2587	the	place[166]	new[166]	_	_
20-26	2588-2596	Tolbooth	place[166]	new[166]	_	_
20-27	2597-2599	in	_	_	_	_
20-28	2600-2608	solitary	abstract[167]	new[167]	_	_
20-29	2609-2620	confinement	abstract[167]	new[167]	_	_
20-30	2621-2624	for	_	_	_	_
20-31	2625-2628	ten	time[168]	new[168]	_	_
20-32	2629-2635	months	time[168]	new[168]	_	_
20-33	2636-2637	.	_	_	_	_

#Text=The authorities raised prosecutions against 23 conspirators , all but three being fugitives , and in order to get evidence they decided to apply torture to some of the prisoners .
21-1	2638-2641	The	organization[169]	new[169]	_	_
21-2	2642-2653	authorities	organization[169]	new[169]	_	_
21-3	2654-2660	raised	_	_	_	_
21-4	2661-2673	prosecutions	event[170]	new[170]	_	_
21-5	2674-2681	against	event[170]	new[170]	_	_
21-6	2682-2684	23	event[170]|person[171]	new[170]|giv[171]	_	_
21-7	2685-2697	conspirators	event[170]|person[171]	new[170]|giv[171]	_	_
21-8	2698-2699	,	event[170]	new[170]	_	_
21-9	2700-2703	all	event[170]	new[170]	_	_
21-10	2704-2707	but	_	_	_	_
21-11	2708-2713	three	person	giv	coref	21-13
21-12	2714-2719	being	_	_	_	_
21-13	2720-2729	fugitives	person	giv	ana	21-21
21-14	2730-2731	,	_	_	_	_
21-15	2732-2735	and	_	_	_	_
21-16	2736-2738	in	_	_	_	_
21-17	2739-2744	order	_	_	_	_
21-18	2745-2747	to	_	_	_	_
21-19	2748-2751	get	_	_	_	_
21-20	2752-2760	evidence	abstract	new	coref	22-22
21-21	2761-2765	they	person	giv	ana	21-27[176_0]
21-22	2766-2773	decided	_	_	_	_
21-23	2774-2776	to	_	_	_	_
21-24	2777-2782	apply	_	_	_	_
21-25	2783-2790	torture	_	_	_	_
21-26	2791-2793	to	_	_	_	_
21-27	2794-2798	some	person[176]	giv[176]	_	_
21-28	2799-2801	of	person[176]	giv[176]	_	_
21-29	2802-2805	the	person[176]|person[177]	giv[176]|new[177]	_	_
21-30	2806-2815	prisoners	person[176]|person[177]	giv[176]|new[177]	_	_
21-31	2816-2817	.	_	_	_	_

#Text=Munro was threatened with the " boots " ( an instrument of torture involving the crushing of limbs ) and confessed evidence which was used at several of the trials .
22-1	2818-2823	Munro	person	giv	ana	23-1
22-2	2824-2827	was	_	_	_	_
22-3	2828-2838	threatened	_	_	_	_
22-4	2839-2843	with	_	_	_	_
22-5	2844-2847	the	object[179]	new[179]	appos	22-10[180_179]
22-6	2848-2849	"	object[179]	new[179]	_	_
22-7	2850-2855	boots	object[179]	new[179]	_	_
22-8	2856-2857	"	object[179]	new[179]	_	_
22-9	2858-2859	(	_	_	_	_
22-10	2860-2862	an	object[180]	giv[180]	_	_
22-11	2863-2873	instrument	object[180]	giv[180]	_	_
22-12	2874-2876	of	object[180]	giv[180]	_	_
22-13	2877-2884	torture	object[180]|abstract	giv[180]|new	_	_
22-14	2885-2894	involving	_	_	_	_
22-15	2895-2898	the	event[182]	new[182]	_	_
22-16	2899-2907	crushing	event[182]	new[182]	_	_
22-17	2908-2910	of	event[182]	new[182]	_	_
22-18	2911-2916	limbs	event[182]|object	new[182]|new	_	_
22-19	2917-2918	)	_	_	_	_
22-20	2919-2922	and	_	_	_	_
22-21	2923-2932	confessed	_	_	_	_
22-22	2933-2941	evidence	abstract	giv	_	_
22-23	2942-2947	which	_	_	_	_
22-24	2948-2951	was	_	_	_	_
22-25	2952-2956	used	_	_	_	_
22-26	2957-2959	at	_	_	_	_
22-27	2960-2967	several	_	_	_	_
22-28	2968-2970	of	_	_	_	_
22-29	2971-2974	the	abstract[185]	new[185]	_	_
22-30	2975-2981	trials	abstract[185]	new[185]	_	_
22-31	2982-2983	.	_	_	_	_

#Text=His weakness " did so discompose and confound him , to discover others , that he desperately offered money to the keeper of the Tolbuith 's man to run him throw ( sic ) with his sword .
23-1	2984-2987	His	person|abstract[187]	giv|new[187]	ana	23-9
23-2	2988-2996	weakness	abstract[187]	new[187]	_	_
23-3	2997-2998	"	_	_	_	_
23-4	2999-3002	did	_	_	_	_
23-5	3003-3005	so	_	_	_	_
23-6	3006-3016	discompose	_	_	_	_
23-7	3017-3020	and	_	_	_	_
23-8	3021-3029	confound	_	_	_	_
23-9	3030-3033	him	person	giv	ana	23-16
23-10	3034-3035	,	_	_	_	_
23-11	3036-3038	to	_	_	_	_
23-12	3039-3047	discover	_	_	_	_
23-13	3048-3054	others	person	giv	_	_
23-14	3055-3056	,	_	_	_	_
23-15	3057-3061	that	_	_	_	_
23-16	3062-3064	he	person	giv	coref	23-24[194_0]
23-17	3065-3076	desperately	_	_	_	_
23-18	3077-3084	offered	_	_	_	_
23-19	3085-3090	money	object	new	_	_
23-20	3091-3093	to	_	_	_	_
23-21	3094-3097	the	person[192]	new[192]	_	_
23-22	3098-3104	keeper	person[192]	new[192]	_	_
23-23	3105-3107	of	person[192]	new[192]	_	_
23-24	3108-3111	the	person[192]|person[194]	new[192]|giv[194]	ana	23-30[0_194]
23-25	3112-3120	Tolbuith	person[192]|person[193]|person[194]	new[192]|new[193]|giv[194]	_	_
23-26	3121-3123	's	person[192]|person[193]|person[194]	new[192]|new[193]|giv[194]	_	_
23-27	3124-3127	man	person[192]|person[194]	new[192]|giv[194]	_	_
23-28	3128-3130	to	_	_	_	_
23-29	3131-3134	run	_	_	_	_
23-30	3135-3138	him	person	giv	ana	23-36
23-31	3139-3144	throw	_	_	_	_
23-32	3145-3146	(	_	_	_	_
23-33	3147-3150	sic	abstract	new	_	_
23-34	3151-3152	)	_	_	_	_
23-35	3153-3157	with	_	_	_	_
23-36	3158-3161	his	person|object[198]	giv|new[198]	ana	25-1
23-37	3162-3167	sword	object[198]	new[198]	_	_
23-38	3168-3169	.	_	_	_	_

#Text="
24-1	3170-3171	"	_	_	_	_

#Text=He was then pardoned and liberated , but remained in obscurity till the Revolution of 1688 .
25-1	3172-3174	He	person	giv	ana	26-3
25-2	3175-3178	was	_	_	_	_
25-3	3179-3183	then	_	_	_	_
25-4	3184-3192	pardoned	_	_	_	_
25-5	3193-3196	and	_	_	_	_
25-6	3197-3206	liberated	_	_	_	_
25-7	3207-3208	,	_	_	_	_
25-8	3209-3212	but	_	_	_	_
25-9	3213-3221	remained	_	_	_	_
25-10	3222-3224	in	_	_	_	_
25-11	3225-3234	obscurity	abstract	new	_	_
25-12	3235-3239	till	_	_	_	_
25-13	3240-3243	the	event[201]	new[201]	_	_
25-14	3244-3254	Revolution	event[201]	new[201]	_	_
25-15	3255-3257	of	event[201]	new[201]	_	_
25-16	3258-3262	1688	event[201]|time	new[201]|new	_	_
25-17	3263-3264	.	_	_	_	_

#Text=In 1690 he entered the Scottish Parliament as the shire commissioner for Stirlingshire and at first joined the " Club " , the organized opposition to the Court party .
26-1	3265-3267	In	_	_	_	_
26-2	3268-3272	1690	time	new	_	_
26-3	3273-3275	he	person	giv	ana	27-1
26-4	3276-3283	entered	_	_	_	_
26-5	3284-3287	the	organization[205]	new[205]	_	_
26-6	3288-3296	Scottish	organization[205]	new[205]	_	_
26-7	3297-3307	Parliament	organization[205]	new[205]	_	_
26-8	3308-3310	as	_	_	_	_
26-9	3311-3314	the	_	_	_	_
26-10	3315-3320	shire	abstract	new	_	_
26-11	3321-3333	commissioner	_	_	_	_
26-12	3334-3337	for	_	_	_	_
26-13	3338-3351	Stirlingshire	place	giv	_	_
26-14	3352-3355	and	_	_	_	_
26-15	3356-3358	at	_	_	_	_
26-16	3359-3364	first	_	_	_	_
26-17	3365-3371	joined	_	_	_	_
26-18	3372-3375	the	organization[208]	new[208]	_	_
26-19	3376-3377	"	organization[208]	new[208]	_	_
26-20	3378-3382	Club	organization[208]	new[208]	_	_
26-21	3383-3384	"	organization[208]	new[208]	_	_
26-22	3385-3386	,	_	_	_	_
26-23	3387-3390	the	organization[209]	new[209]	_	_
26-24	3391-3400	organized	organization[209]	new[209]	_	_
26-25	3401-3411	opposition	organization[209]	new[209]	_	_
26-26	3412-3414	to	organization[209]	new[209]	_	_
26-27	3415-3418	the	organization[209]|organization[211]	new[209]|giv[211]	_	_
26-28	3419-3424	Court	organization[209]|organization|organization[211]	new[209]|giv|giv[211]	_	_
26-29	3425-3430	party	organization[209]|organization[211]	new[209]|giv[211]	_	_
26-30	3431-3432	.	_	_	_	_

#Text=He afterwards supported the Government and in 1695 was knighted and granted a pension of £150 per annum as a recompense for his sufferings .
27-1	3433-3435	He	person	giv	ana	27-23
27-2	3436-3446	afterwards	_	_	_	_
27-3	3447-3456	supported	_	_	_	_
27-4	3457-3460	the	abstract[213]	giv[213]	_	_
27-5	3461-3471	Government	abstract[213]	giv[213]	_	_
27-6	3472-3475	and	_	_	_	_
27-7	3476-3478	in	_	_	_	_
27-8	3479-3483	1695	time	new	_	_
27-9	3484-3487	was	_	_	_	_
27-10	3488-3496	knighted	_	_	_	_
27-11	3497-3500	and	_	_	_	_
27-12	3501-3508	granted	_	_	_	_
27-13	3509-3510	a	abstract[215]	new[215]	_	_
27-14	3511-3518	pension	abstract[215]	new[215]	_	_
27-15	3519-3521	of	abstract[215]	new[215]	_	_
27-16	3522-3526	£150	abstract[215]|quantity[216]	new[215]|new[216]	_	_
27-17	3527-3530	per	abstract[215]|quantity[216]	new[215]|new[216]	_	_
27-18	3531-3536	annum	abstract[215]|quantity[216]|time	new[215]|new[216]|new	_	_
27-19	3537-3539	as	_	_	_	_
27-20	3540-3541	a	_	_	_	_
27-21	3542-3552	recompense	_	_	_	_
27-22	3553-3556	for	_	_	_	_
27-23	3557-3560	his	person|abstract[219]	giv|new[219]	ana	28-1
27-24	3561-3571	sufferings	abstract[219]	new[219]	_	_
27-25	3572-3573	.	_	_	_	_

#Text=He died on 4 January 1704 , leaving three daughters and two sons . [ 3 ]
28-1	3574-3576	He	person	giv	coref	32-1[235_0]
28-2	3577-3581	died	_	_	_	_
28-3	3582-3584	on	_	_	_	_
28-4	3585-3586	4	time[221]	giv[221]	_	_
28-5	3587-3594	January	time[221]|time[222]	giv[221]|giv[222]	_	_
28-6	3595-3599	1704	time[221]|time[222]|time	giv[221]|giv[222]|giv	_	_
28-7	3600-3601	,	_	_	_	_
28-8	3602-3609	leaving	_	_	_	_
28-9	3610-3615	three	person[224]	new[224]	coref	34-5[244_224]
28-10	3616-3625	daughters	person[224]	new[224]	_	_
28-11	3626-3629	and	_	_	_	_
28-12	3630-3633	two	person[225]	new[225]	coref	31-1[234_225]
28-13	3634-3638	sons	person[225]	new[225]	_	_
28-14	3639-3640	.	_	_	_	_
28-15	3641-3642	[	_	_	_	_
28-16	3643-3644	3	abstract	new	_	_
28-17	3645-3646	]	_	_	_	_

#Text=Family
29-1	3647-3653	Family	person	new	_	_

#Text=Alexander 's wife was Lillias , daughter of John Eastoun of Couston in Linlithgowshire .
30-1	3654-3663	Alexander	person[228]	new[228]	coref	30-5[0_228]
30-2	3664-3666	's	person[228]	new[228]	_	_
30-3	3667-3671	wife	person[228]	new[228]	_	_
30-4	3672-3675	was	_	_	_	_
30-5	3676-3683	Lillias	person	giv	appos	30-7[230_0]
30-6	3684-3685	,	_	_	_	_
30-7	3686-3694	daughter	person[230]	giv[230]	coref	33-1[238_230]
30-8	3695-3697	of	person[230]	giv[230]	_	_
30-9	3698-3702	John	person[230]|person[231]	giv[230]|giv[231]	_	_
30-10	3703-3710	Eastoun	person[230]|person[231]	giv[230]|giv[231]	_	_
30-11	3711-3713	of	person[230]|person[231]	giv[230]|giv[231]	_	_
30-12	3714-3721	Couston	person[230]|person[231]|place	giv[230]|giv[231]|new	_	_
30-13	3722-3724	in	person[230]|person[231]	giv[230]|giv[231]	_	_
30-14	3725-3740	Linlithgowshire	person[230]|person[231]|place	giv[230]|giv[231]|new	_	_
30-15	3741-3742	.	_	_	_	_

#Text=Their sons were :
31-1	3743-3748	Their	person[234]	giv[234]	_	_
31-2	3749-3753	sons	person[234]	giv[234]	_	_
31-3	3754-3758	were	_	_	_	_
31-4	3759-3760	:	_	_	_	_

#Text=George Munro , 1st of Auchinbowie , a successful Scottish soldier .
32-1	3761-3767	George	person[235]	giv[235]	appos	32-8[237_235]
32-2	3768-3773	Munro	person[235]	giv[235]	_	_
32-3	3774-3775	,	_	_	_	_
32-4	3776-3779	1st	_	_	_	_
32-5	3780-3782	of	_	_	_	_
32-6	3783-3794	Auchinbowie	place	new	_	_
32-7	3795-3796	,	_	_	_	_
32-8	3797-3798	a	person[237]	giv[237]	_	_
32-9	3799-3809	successful	person[237]	giv[237]	_	_
32-10	3810-3818	Scottish	person[237]	giv[237]	_	_
32-11	3819-3826	soldier	person[237]	giv[237]	_	_
32-12	3827-3828	.	_	_	_	_

#Text=John Munro , 2nd of Bearcrofts , a surgeon and professor at the University of Edinburgh
33-1	3829-3833	John	person[238]	giv[238]	appos	33-8[240_238]
33-2	3834-3839	Munro	person[238]	giv[238]	_	_
33-3	3840-3841	,	person[238]	giv[238]	_	_
33-4	3842-3845	2nd	person[238]	giv[238]	_	_
33-5	3846-3848	of	_	_	_	_
33-6	3849-3859	Bearcrofts	person	giv	_	_
33-7	3860-3861	,	_	_	_	_
33-8	3862-3863	a	person[240]	giv[240]	ana	34-2[0_240]
33-9	3864-3871	surgeon	person[240]	giv[240]	_	_
33-10	3872-3875	and	person[240]	giv[240]	_	_
33-11	3876-3885	professor	person[240]	giv[240]	_	_
33-12	3886-3888	at	person[240]	giv[240]	_	_
33-13	3889-3892	the	person[240]|organization[241]	giv[240]|new[241]	_	_
33-14	3893-3903	University	person[240]|organization[241]	giv[240]|new[241]	_	_
33-15	3904-3906	of	person[240]|organization[241]	giv[240]|new[241]	_	_
33-16	3907-3916	Edinburgh	person[240]|organization[241]|place	giv[240]|new[241]|giv	_	_

#Text=( They also had three daughters ) .
34-1	3917-3918	(	_	_	_	_
34-2	3919-3923	They	person	giv	_	_
34-3	3924-3928	also	_	_	_	_
34-4	3929-3932	had	_	_	_	_
34-5	3933-3938	three	person[244]	giv[244]	_	_
34-6	3939-3948	daughters	person[244]	giv[244]	_	_
34-7	3949-3950	)	_	_	_	_
34-8	3951-3952	.	_	_	_	_
