#FORMAT=WebAnno TSV 3.2
#T_SP=webanno.custom.Referent|entity|infstat
#T_RL=webanno.custom.Coref|type|BT_webanno.custom.Referent


#Text=Act at a Dinner Party
1-1	0-3	Act	_	_	_	_
1-2	4-6	at	_	_	_	_
1-3	7-8	a	event[1]	new[1]	coref	2-10[6_1]
1-4	9-15	Dinner	event[1]	new[1]	_	_
1-5	16-21	Party	event[1]	new[1]	_	_

#Text=This article will teach you the basic essentials of dinner party etiquette .
2-1	22-26	This	object[2]	new[2]	_	_
2-2	27-34	article	object[2]	new[2]	_	_
2-3	35-39	will	_	_	_	_
2-4	40-45	teach	_	_	_	_
2-5	46-49	you	person	acc	ana	3-12
2-6	50-53	the	abstract[4]	new[4]	_	_
2-7	54-59	basic	abstract[4]	new[4]	_	_
2-8	60-70	essentials	abstract[4]	new[4]	_	_
2-9	71-73	of	abstract[4]	new[4]	_	_
2-10	74-80	dinner	abstract[4]|event|event[6]|abstract[7]	new[4]|new|giv[6]|new[7]	coref|coref|coref|coref|coref|coref	3-14[12_6]|3-21|3-14[12_6]|3-21|3-14[12_6]|3-21
2-11	81-86	party	abstract[4]|event[6]|abstract[7]	new[4]|giv[6]|new[7]	_	_
2-12	87-96	etiquette	abstract[4]|abstract[7]	new[4]|new[7]	_	_
2-13	97-98	.	_	_	_	_

#Text=Read on to learn about good table manners that will help you through any formal or semi-formal lunch party or dinner party .
3-1	99-103	Read	_	_	_	_
3-2	104-106	on	_	_	_	_
3-3	107-109	to	_	_	_	_
3-4	110-115	learn	_	_	_	_
3-5	116-121	about	_	_	_	_
3-6	122-126	good	abstract[9]	new[9]	coref	4-7[18_9]
3-7	127-132	table	object|abstract[9]	new|new[9]	coref	4-8
3-8	133-140	manners	abstract[9]	new[9]	_	_
3-9	141-145	that	_	_	_	_
3-10	146-150	will	_	_	_	_
3-11	151-155	help	_	_	_	_
3-12	156-159	you	person	giv	ana	4-2
3-13	160-167	through	_	_	_	_
3-14	168-171	any	event[12]	giv[12]	coref	3-21[14_12]
3-15	172-178	formal	event[12]	giv[12]	_	_
3-16	179-181	or	event[12]	giv[12]	_	_
3-17	182-193	semi-formal	event[12]	giv[12]	_	_
3-18	194-199	lunch	event|event[12]	new|giv[12]	coref	4-15[20_0]
3-19	200-205	party	event[12]	giv[12]	_	_
3-20	206-208	or	_	_	_	_
3-21	209-215	dinner	event|event[14]	giv|giv[14]	coref|coref|coref|coref	4-21|4-21[22_14]|4-21|4-21[22_14]
3-22	216-221	party	event[14]	giv[14]	_	_
3-23	222-223	.	_	_	_	_

#Text=Here you will find instructions regarding good table manners that will help you through any formal or semi-formal lunch or dinner party .
4-1	224-228	Here	_	_	_	_
4-2	229-232	you	person	giv	ana	4-13
4-3	233-237	will	_	_	_	_
4-4	238-242	find	_	_	_	_
4-5	243-255	instructions	abstract	new	_	_
4-6	256-265	regarding	_	_	_	_
4-7	266-270	good	abstract[18]	giv[18]	_	_
4-8	271-276	table	object|abstract[18]	giv|giv[18]	coref	10-11[44_0]
4-9	277-284	manners	abstract[18]	giv[18]	_	_
4-10	285-289	that	_	_	_	_
4-11	290-294	will	_	_	_	_
4-12	295-299	help	_	_	_	_
4-13	300-303	you	person	giv	ana	6-2
4-14	304-311	through	_	_	_	_
4-15	312-315	any	event[20]	giv[20]	_	_
4-16	316-322	formal	event[20]	giv[20]	_	_
4-17	323-325	or	event[20]	giv[20]	_	_
4-18	326-337	semi-formal	event[20]	giv[20]	_	_
4-19	338-343	lunch	event[20]	giv[20]	_	_
4-20	344-346	or	_	_	_	_
4-21	347-353	dinner	event|event[22]	giv|giv[22]	ana|coref|ana|coref	6-6[0_22]|8-5|6-6[0_22]|8-5
4-22	354-359	party	event[22]	giv[22]	_	_
4-23	360-361	.	_	_	_	_

#Text=Steps
5-1	362-367	Steps	abstract	new	_	_

#Text=Unfold your napkin and place it on your knee .
6-1	368-374	Unfold	_	_	_	_
6-2	375-379	your	person|object[25]	giv|new[25]	ana|coref|ana|coref	6-8|8-8[35_25]|6-8|8-8[35_25]
6-3	380-386	napkin	object[25]	new[25]	_	_
6-4	387-390	and	_	_	_	_
6-5	391-396	place	_	_	_	_
6-6	397-399	it	event	giv	_	_
6-7	400-402	on	_	_	_	_
6-8	403-407	your	person|object[28]	giv|new[28]	ana|ana|ana|ana	7-2[0_28]|7-6|7-2[0_28]|7-6
6-9	408-412	knee	object[28]	new[28]	_	_
6-10	413-414	.	_	_	_	_

#Text=Use it for occasionally wiping your lips or fingers once seated .
7-1	415-418	Use	_	_	_	_
7-2	419-421	it	object	giv	_	_
7-3	422-425	for	_	_	_	_
7-4	426-438	occasionally	_	_	_	_
7-5	439-445	wiping	_	_	_	_
7-6	446-450	your	person|object[31]	giv|new[31]	ana|ana	9-2|9-2
7-7	451-455	lips	object[31]	new[31]	_	_
7-8	456-458	or	_	_	_	_
7-9	459-466	fingers	object	new	_	_
7-10	467-471	once	_	_	_	_
7-11	472-478	seated	_	_	_	_
7-12	479-480	.	_	_	_	_

#Text=At the end of dinner , leave the napkin tidily on the place setting .
8-1	481-483	At	_	_	_	_
8-2	484-487	the	event[33]	new[33]	_	_
8-3	488-491	end	event[33]	new[33]	_	_
8-4	492-494	of	event[33]	new[33]	_	_
8-5	495-501	dinner	event[33]|event	new[33]|giv	_	_
8-6	502-503	,	_	_	_	_
8-7	504-509	leave	_	_	_	_
8-8	510-513	the	object[35]	giv[35]	_	_
8-9	514-520	napkin	object[35]	giv[35]	_	_
8-10	521-527	tidily	_	_	_	_
8-11	528-530	on	_	_	_	_
8-12	531-534	the	object[37]	new[37]	_	_
8-13	535-540	place	place|object[37]	new|new[37]	_	_
8-14	541-548	setting	object[37]	new[37]	_	_
8-15	549-550	.	_	_	_	_

#Text=Wait your turn for food .
9-1	551-555	Wait	_	_	_	_
9-2	556-560	your	person|event[39]	giv|new[39]	ana|ana	10-29|10-29
9-3	561-565	turn	event[39]	new[39]	_	_
9-4	566-569	for	_	_	_	_
9-5	570-574	food	substance	new	coref	17-2[79_0]
9-6	575-576	.	_	_	_	_

#Text=It is traditional to serve the most senior lady at the table , then the other ladies in descending order of rank ( usually equating to age unless you have royalty staying ) , and lastly the gentlemen .
10-1	577-579	It	quantity	new	cata	10-1[0_42]
10-2	580-582	is	_	_	_	_
10-3	583-594	traditional	_	_	_	_
10-4	595-597	to	quantity[42]	new[42]	_	_
10-5	598-603	serve	quantity[42]	new[42]	_	_
10-6	604-607	the	quantity[42]|person[43]	new[42]|new[43]	coref	30-2[143_43]
10-7	608-612	most	quantity[42]|person[43]	new[42]|new[43]	_	_
10-8	613-619	senior	quantity[42]|person[43]	new[42]|new[43]	_	_
10-9	620-624	lady	quantity[42]|person[43]	new[42]|new[43]	_	_
10-10	625-627	at	quantity[42]|person[43]	new[42]|new[43]	_	_
10-11	628-631	the	quantity[42]|person[43]|object[44]	new[42]|new[43]|giv[44]	coref	30-24[148_44]
10-12	632-637	table	quantity[42]|person[43]|object[44]	new[42]|new[43]|giv[44]	_	_
10-13	638-639	,	quantity[42]	new[42]	_	_
10-14	640-644	then	quantity[42]	new[42]	_	_
10-15	645-648	the	quantity[42]|person[45]	new[42]|new[45]	_	_
10-16	649-654	other	quantity[42]|person[45]	new[42]|new[45]	_	_
10-17	655-661	ladies	quantity[42]|person[45]	new[42]|new[45]	_	_
10-18	662-664	in	_	_	_	_
10-19	665-675	descending	_	_	_	_
10-20	676-681	order	abstract[46]	new[46]	_	_
10-21	682-684	of	abstract[46]	new[46]	_	_
10-22	685-689	rank	abstract[46]|abstract	new[46]|new	_	_
10-23	690-691	(	_	_	_	_
10-24	692-699	usually	_	_	_	_
10-25	700-708	equating	_	_	_	_
10-26	709-711	to	_	_	_	_
10-27	712-715	age	abstract	new	_	_
10-28	716-722	unless	_	_	_	_
10-29	723-726	you	person	giv	ana	11-12
10-30	727-731	have	_	_	_	_
10-31	732-739	royalty	person	new	_	_
10-32	740-747	staying	_	_	_	_
10-33	748-749	)	_	_	_	_
10-34	750-751	,	_	_	_	_
10-35	752-755	and	_	_	_	_
10-36	756-762	lastly	person[51]	new[51]	coref	30-16[146_51]
10-37	763-766	the	person[51]	new[51]	_	_
10-38	767-776	gentlemen	person[51]	new[51]	_	_
10-39	777-778	.	_	_	_	_

#Text=Never start eating until the hostess begins to eat , then you may .
11-1	779-784	Never	_	_	_	_
11-2	785-790	start	_	_	_	_
11-3	791-797	eating	_	_	_	_
11-4	798-803	until	_	_	_	_
11-5	804-807	the	person[52]	new[52]	coref	23-9[111_52]
11-6	808-815	hostess	person[52]	new[52]	_	_
11-7	816-822	begins	_	_	_	_
11-8	823-825	to	_	_	_	_
11-9	826-829	eat	_	_	_	_
11-10	830-831	,	_	_	_	_
11-11	832-836	then	_	_	_	_
11-12	837-840	you	person	giv	ana	16-2
11-13	841-844	may	_	_	_	_
11-14	845-846	.	_	_	_	_

#Text=If there are lots of different sets of cutlery beside the plate , start at the outside and work in .
12-1	847-849	If	_	_	_	_
12-2	850-855	there	_	_	_	_
12-3	856-859	are	_	_	_	_
12-4	860-864	lots	plant[54]	new[54]	_	_
12-5	865-867	of	plant[54]	new[54]	_	_
12-6	868-877	different	plant[54]	new[54]	_	_
12-7	878-882	sets	plant[54]	new[54]	_	_
12-8	883-885	of	plant[54]	new[54]	_	_
12-9	886-893	cutlery	plant[54]|object[55]	new[54]|new[55]	_	_
12-10	894-900	beside	plant[54]|object[55]	new[54]|new[55]	_	_
12-11	901-904	the	plant[54]|object[55]|object[56]	new[54]|new[55]|new[56]	coref	15-13[70_56]
12-12	905-910	plate	plant[54]|object[55]|object[56]	new[54]|new[55]|new[56]	_	_
12-13	911-912	,	_	_	_	_
12-14	913-918	start	_	_	_	_
12-15	919-921	at	_	_	_	_
12-16	922-925	the	place[57]	new[57]	_	_
12-17	926-933	outside	place[57]	new[57]	_	_
12-18	934-937	and	_	_	_	_
12-19	938-942	work	_	_	_	_
12-20	943-945	in	_	_	_	_
12-21	946-947	.	_	_	_	_

#Text=If in doubt , have a look to see what the other guests are doing/using .
13-1	948-950	If	_	_	_	_
13-2	951-953	in	_	_	_	_
13-3	954-959	doubt	abstract	new	_	_
13-4	960-961	,	_	_	_	_
13-5	962-966	have	_	_	_	_
13-6	967-968	a	event[59]	new[59]	coref	18-2[80_59]
13-7	969-973	look	event[59]	new[59]	_	_
13-8	974-976	to	_	_	_	_
13-9	977-980	see	_	_	_	_
13-10	981-985	what	_	_	_	_
13-11	986-989	the	person[60]	new[60]	coref	21-5[102_60]
13-12	990-995	other	person[60]	new[60]	_	_
13-13	996-1002	guests	person[60]	new[60]	_	_
13-14	1003-1006	are	_	_	_	_
13-15	1007-1018	doing/using	_	_	_	_
13-16	1019-1020	.	_	_	_	_

#Text=Hold the knife and fork with the handles in the palm of the hand , forefinger on top , and thumb underneath .
14-1	1021-1025	Hold	_	_	_	_
14-2	1026-1029	the	object[61]	new[61]	coref	15-5[68_61]
14-3	1030-1035	knife	object[61]	new[61]	_	_
14-4	1036-1039	and	_	_	_	_
14-5	1040-1044	fork	_	_	_	_
14-6	1045-1049	with	_	_	_	_
14-7	1050-1053	the	quantity[62]	new[62]	_	_
14-8	1054-1061	handles	quantity[62]	new[62]	_	_
14-9	1062-1064	in	quantity[62]	new[62]	_	_
14-10	1065-1068	the	quantity[62]|place[63]	new[62]|new[63]	_	_
14-11	1069-1073	palm	quantity[62]|place[63]	new[62]|new[63]	_	_
14-12	1074-1076	of	quantity[62]|place[63]	new[62]|new[63]	_	_
14-13	1077-1080	the	quantity[62]|place[63]|object[64]	new[62]|new[63]|new[64]	_	_
14-14	1081-1085	hand	quantity[62]|place[63]|object[64]	new[62]|new[63]|new[64]	_	_
14-15	1086-1087	,	_	_	_	_
14-16	1088-1098	forefinger	_	_	_	_
14-17	1099-1101	on	_	_	_	_
14-18	1102-1105	top	place|abstract[66]	new|new[66]	ana|ana	16-8[0_66]|16-8[0_66]
14-19	1106-1107	,	abstract[66]	new[66]	_	_
14-20	1108-1111	and	abstract[66]	new[66]	_	_
14-21	1112-1117	thumb	abstract[66]|object[67]	new[66]|new[67]	_	_
14-22	1118-1128	underneath	abstract[66]|object[67]	new[66]|new[67]	_	_
14-23	1129-1130	.	_	_	_	_

#Text=While eating , rest the knife and fork on either side of the plate between mouthfuls .
15-1	1131-1136	While	_	_	_	_
15-2	1137-1143	eating	_	_	_	_
15-3	1144-1145	,	_	_	_	_
15-4	1146-1150	rest	_	_	_	_
15-5	1151-1154	the	object[68]	giv[68]	_	_
15-6	1155-1160	knife	object[68]	giv[68]	_	_
15-7	1161-1164	and	_	_	_	_
15-8	1165-1169	fork	_	_	_	_
15-9	1170-1172	on	_	_	_	_
15-10	1173-1179	either	abstract[69]	new[69]	coref	16-9[0_69]
15-11	1180-1184	side	abstract[69]	new[69]	_	_
15-12	1185-1187	of	abstract[69]	new[69]	_	_
15-13	1188-1191	the	abstract[69]|object[70]	new[69]|giv[70]	coref	16-16[77_70]
15-14	1192-1197	plate	abstract[69]|object[70]	new[69]|giv[70]	_	_
15-15	1198-1205	between	abstract[69]|object[70]	new[69]|giv[70]	_	_
15-16	1206-1215	mouthfuls	abstract[69]|object[70]|object	new[69]|giv[70]|new	_	_
15-17	1216-1217	.	_	_	_	_

#Text=When you have finished eating , place them side by side in the center of the plate .
16-1	1218-1222	When	_	_	_	_
16-2	1223-1226	you	person	giv	ana	17-2
16-3	1227-1231	have	_	_	_	_
16-4	1232-1240	finished	_	_	_	_
16-5	1241-1247	eating	_	_	_	_
16-6	1248-1249	,	_	_	_	_
16-7	1250-1255	place	_	_	_	_
16-8	1256-1260	them	abstract	giv	_	_
16-9	1261-1265	side	abstract	giv	coref	16-11
16-10	1266-1268	by	_	_	_	_
16-11	1269-1273	side	abstract	giv	_	_
16-12	1274-1276	in	_	_	_	_
16-13	1277-1280	the	place[76]	new[76]	_	_
16-14	1281-1287	center	place[76]	new[76]	_	_
16-15	1288-1290	of	place[76]	new[76]	_	_
16-16	1291-1294	the	place[76]|object[77]	new[76]|giv[77]	coref	19-17[88_77]
16-17	1295-1300	plate	place[76]|object[77]	new[76]|giv[77]	_	_
16-18	1301-1302	.	_	_	_	_

#Text=Try your food .
17-1	1303-1306	Try	_	_	_	_
17-2	1307-1311	your	person|substance[79]	giv|giv[79]	ana|coref|ana|coref	18-11|19-26[90_79]|18-11|19-26[90_79]
17-3	1312-1316	food	substance[79]	giv[79]	_	_
17-4	1317-1318	.	_	_	_	_

#Text=In the event of being presented with a dish which you feel unable to eat , it is polite to at least make some attempt to do so .
18-1	1319-1321	In	_	_	_	_
18-2	1322-1325	the	event[80]	giv[80]	_	_
18-3	1326-1331	event	event[80]	giv[80]	_	_
18-4	1332-1334	of	_	_	_	_
18-5	1335-1340	being	_	_	_	_
18-6	1341-1350	presented	_	_	_	_
18-7	1351-1355	with	_	_	_	_
18-8	1356-1357	a	object[81]	new[81]	_	_
18-9	1358-1362	dish	object[81]	new[81]	_	_
18-10	1363-1368	which	_	_	_	_
18-11	1369-1372	you	person	giv	ana	19-32
18-12	1373-1377	feel	_	_	_	_
18-13	1378-1384	unable	_	_	_	_
18-14	1385-1387	to	_	_	_	_
18-15	1388-1391	eat	_	_	_	_
18-16	1392-1393	,	_	_	_	_
18-17	1394-1396	it	event	new	cata	18-17[0_84]
18-18	1397-1399	is	_	_	_	_
18-19	1400-1406	polite	_	_	_	_
18-20	1407-1409	to	event[84]	new[84]	ana	19-8[0_84]
18-21	1410-1412	at	event[84]	new[84]	_	_
18-22	1413-1418	least	event[84]	new[84]	_	_
18-23	1419-1423	make	event[84]	new[84]	_	_
18-24	1424-1428	some	event[84]|event[85]	new[84]|new[85]	_	_
18-25	1429-1436	attempt	event[84]|event[85]	new[84]|new[85]	_	_
18-26	1437-1439	to	_	_	_	_
18-27	1440-1442	do	_	_	_	_
18-28	1443-1445	so	_	_	_	_
18-29	1446-1447	.	_	_	_	_

#Text=Or at the very least , cut it up a little , and move it around the plate ! It is quite acceptable to leave some food to one side of your plate if you feel as though you have eaten enough .
19-1	1448-1450	Or	_	_	_	_
19-2	1451-1453	at	_	_	_	_
19-3	1454-1457	the	_	_	_	_
19-4	1458-1462	very	_	_	_	_
19-5	1463-1468	least	_	_	_	_
19-6	1469-1470	,	_	_	_	_
19-7	1471-1474	cut	_	_	_	_
19-8	1475-1477	it	event	giv	ana	19-15
19-9	1478-1480	up	_	_	_	_
19-10	1481-1482	a	_	_	_	_
19-11	1483-1489	little	_	_	_	_
19-12	1490-1491	,	_	_	_	_
19-13	1492-1495	and	_	_	_	_
19-14	1496-1500	move	_	_	_	_
19-15	1501-1503	it	event	giv	ana	19-20
19-16	1504-1510	around	_	_	_	_
19-17	1511-1514	the	object[88]	giv[88]	coref	19-32[93_88]
19-18	1515-1520	plate	object[88]	giv[88]	_	_
19-19	1521-1522	!	_	_	_	_
19-20	1523-1525	It	event	giv	_	_
19-21	1526-1528	is	_	_	_	_
19-22	1529-1534	quite	_	_	_	_
19-23	1535-1545	acceptable	_	_	_	_
19-24	1546-1548	to	_	_	_	_
19-25	1549-1554	leave	_	_	_	_
19-26	1555-1559	some	substance[90]	giv[90]	coref	22-5[105_90]
19-27	1560-1564	food	substance[90]	giv[90]	_	_
19-28	1565-1567	to	_	_	_	_
19-29	1568-1571	one	place[91]	new[91]	_	_
19-30	1572-1576	side	place[91]	new[91]	_	_
19-31	1577-1579	of	place[91]	new[91]	_	_
19-32	1580-1584	your	place[91]|person|object[93]	new[91]|giv|giv[93]	ana|coref|ana|coref	19-35|20-11[97_93]|19-35|20-11[97_93]
19-33	1585-1590	plate	place[91]|object[93]	new[91]|giv[93]	_	_
19-34	1591-1593	if	_	_	_	_
19-35	1594-1597	you	person	giv	ana	19-39
19-36	1598-1602	feel	_	_	_	_
19-37	1603-1605	as	_	_	_	_
19-38	1606-1612	though	_	_	_	_
19-39	1613-1616	you	person	giv	ana	20-11
19-40	1617-1621	have	_	_	_	_
19-41	1622-1627	eaten	_	_	_	_
19-42	1628-1634	enough	_	_	_	_
19-43	1635-1636	.	_	_	_	_

#Text=On the other hand , do n’t attempt to leave your plate so clean that it looks as though you have n’t eaten in days !
20-1	1637-1639	On	_	_	_	_
20-2	1640-1643	the	_	_	_	_
20-3	1644-1649	other	_	_	_	_
20-4	1650-1654	hand	_	_	_	_
20-5	1655-1656	,	_	_	_	_
20-6	1657-1659	do	_	_	_	_
20-7	1660-1663	n’t	_	_	_	_
20-8	1664-1671	attempt	_	_	_	_
20-9	1672-1674	to	_	_	_	_
20-10	1675-1680	leave	_	_	_	_
20-11	1681-1685	your	person|object[97]	giv|giv[97]	ana|ana|ana|ana	20-16[0_97]|20-20|20-16[0_97]|20-20
20-12	1686-1691	plate	object[97]	giv[97]	_	_
20-13	1692-1694	so	_	_	_	_
20-14	1695-1700	clean	_	_	_	_
20-15	1701-1705	that	_	_	_	_
20-16	1706-1708	it	object	giv	_	_
20-17	1709-1714	looks	_	_	_	_
20-18	1715-1717	as	_	_	_	_
20-19	1718-1724	though	_	_	_	_
20-20	1725-1728	you	person	giv	ana	21-8
20-21	1729-1733	have	_	_	_	_
20-22	1734-1737	n’t	_	_	_	_
20-23	1738-1743	eaten	_	_	_	_
20-24	1744-1746	in	_	_	_	_
20-25	1747-1751	days	time	new	_	_
20-26	1752-1753	!	_	_	_	_

#Text=Make polite conversation with those guests around you .
21-1	1754-1758	Make	_	_	_	_
21-2	1759-1765	polite	abstract[101]	new[101]	_	_
21-3	1766-1778	conversation	abstract[101]	new[101]	_	_
21-4	1779-1783	with	abstract[101]	new[101]	_	_
21-5	1784-1789	those	abstract[101]|person[102]	new[101]|giv[102]	ana	22-10[0_102]
21-6	1790-1796	guests	abstract[101]|person[102]	new[101]|giv[102]	_	_
21-7	1797-1803	around	abstract[101]|person[102]	new[101]|giv[102]	_	_
21-8	1804-1807	you	abstract[101]|person[102]|person	new[101]|giv[102]|giv	ana	26-2
21-9	1808-1809	.	_	_	_	_

#Text=Dinner parties are not just about the food ; they are intended to be a sociable occasion .
22-1	1810-1816	Dinner	_	_	_	_
22-2	1817-1824	parties	organization	new	_	_
22-3	1825-1828	are	_	_	_	_
22-4	1829-1832	not	_	_	_	_
22-5	1833-1837	just	substance[105]	giv[105]	coref	35-20[0_105]
22-6	1838-1843	about	substance[105]	giv[105]	_	_
22-7	1844-1847	the	substance[105]	giv[105]	_	_
22-8	1848-1852	food	substance[105]	giv[105]	_	_
22-9	1853-1854	;	_	_	_	_
22-10	1855-1859	they	person	giv	_	_
22-11	1860-1863	are	_	_	_	_
22-12	1864-1872	intended	_	_	_	_
22-13	1873-1875	to	_	_	_	_
22-14	1876-1878	be	_	_	_	_
22-15	1879-1880	a	event[107]	new[107]	_	_
22-16	1881-1889	sociable	event[107]	new[107]	_	_
22-17	1890-1898	occasion	event[107]	new[107]	_	_
22-18	1899-1900	.	_	_	_	_

#Text=Make a point of thanking the host and hostess for their hospitality before leaving .
23-1	1901-1905	Make	_	_	_	_
23-2	1906-1907	a	abstract[108]	new[108]	_	_
23-3	1908-1913	point	abstract[108]	new[108]	_	_
23-4	1914-1916	of	_	_	_	_
23-5	1917-1925	thanking	_	_	_	_
23-6	1926-1929	the	person[109]|person[110]	new[109]|new[110]	coref|coref|coref|coref	24-6[114_109]|24-6[115_110]|24-6[114_109]|24-6[115_110]
23-7	1930-1934	host	person[109]|person[110]	new[109]|new[110]	_	_
23-8	1935-1938	and	person[110]	new[110]	_	_
23-9	1939-1946	hostess	person[110]|person[111]	new[110]|giv[111]	coref	24-9[0_111]
23-10	1947-1950	for	person[110]|person[111]	new[110]|giv[111]	_	_
23-11	1951-1956	their	person[110]|person[111]|abstract[112]	new[110]|giv[111]|new[112]	_	_
23-12	1957-1968	hospitality	person[110]|person[111]|abstract[112]	new[110]|giv[111]|new[112]	_	_
23-13	1969-1975	before	_	_	_	_
23-14	1976-1983	leaving	_	_	_	_
23-15	1984-1985	.	_	_	_	_

#Text=Send a personal note to the host and hostess shortly afterwards thanking them for the pleasurable evening .
24-1	1986-1990	Send	_	_	_	_
24-2	1991-1992	a	object[113]	new[113]	_	_
24-3	1993-2001	personal	object[113]	new[113]	_	_
24-4	2002-2006	note	object[113]	new[113]	_	_
24-5	2007-2009	to	object[113]	new[113]	_	_
24-6	2010-2013	the	object[113]|person[114]|person[115]	new[113]|giv[114]|giv[115]	ana|coref|ana|coref	24-13[0_115]|26-16[0_114]|24-13[0_115]|26-16[0_114]
24-7	2014-2018	host	object[113]|person[114]|person[115]	new[113]|giv[114]|giv[115]	_	_
24-8	2019-2022	and	object[113]|person[115]	new[113]|giv[115]	_	_
24-9	2023-2030	hostess	object[113]|person[115]|person	new[113]|giv[115]|giv	coref	31-15
24-10	2031-2038	shortly	_	_	_	_
24-11	2039-2049	afterwards	_	_	_	_
24-12	2050-2058	thanking	_	_	_	_
24-13	2059-2063	them	person	giv	ana	27-25
24-14	2064-2067	for	_	_	_	_
24-15	2068-2071	the	time[118]	new[118]	_	_
24-16	2072-2083	pleasurable	time[118]	new[118]	_	_
24-17	2084-2091	evening	time[118]	new[118]	_	_
24-18	2092-2093	.	_	_	_	_

#Text=Tips
25-1	2094-2098	Tips	abstract	new	_	_

#Text=If you wish to bring a guest as your partner , always check with the host first .
26-1	2099-2101	If	_	_	_	_
26-2	2102-2105	you	person	giv	ana	26-9
26-3	2106-2110	wish	_	_	_	_
26-4	2111-2113	to	_	_	_	_
26-5	2114-2119	bring	_	_	_	_
26-6	2120-2121	a	person[121]	new[121]	coref	27-10[127_121]
26-7	2122-2127	guest	person[121]	new[121]	_	_
26-8	2128-2130	as	person[121]	new[121]	_	_
26-9	2131-2135	your	person[121]|person	new[121]|giv	ana	27-2
26-10	2136-2143	partner	person[121]	new[121]	_	_
26-11	2144-2145	,	_	_	_	_
26-12	2146-2152	always	_	_	_	_
26-13	2153-2158	check	_	_	_	_
26-14	2159-2163	with	_	_	_	_
26-15	2164-2167	the	_	_	_	_
26-16	2168-2172	host	person	giv	coref	31-12[153_0]
26-17	2173-2178	first	_	_	_	_
26-18	2179-2180	.	_	_	_	_

#Text=If you are the one hosting the party and a guest of yours arrives with an unexpected friend , be polite and courteous with them , and speak with your inconsiderate guest at another time .
27-1	2181-2183	If	_	_	_	_
27-2	2184-2187	you	person	giv	ana	27-13
27-3	2188-2191	are	_	_	_	_
27-4	2192-2195	the	event[125]	new[125]	_	_
27-5	2196-2199	one	event[125]	new[125]	_	_
27-6	2200-2207	hosting	_	_	_	_
27-7	2208-2211	the	event[126]	new[126]	coref	35-2[173_126]
27-8	2212-2217	party	event[126]	new[126]	_	_
27-9	2218-2221	and	_	_	_	_
27-10	2222-2223	a	person[127]	giv[127]	coref	27-30[132_127]
27-11	2224-2229	guest	person[127]	giv[127]	_	_
27-12	2230-2232	of	person[127]	giv[127]	_	_
27-13	2233-2238	yours	person[127]|person	giv[127]|giv	ana	27-30
27-14	2239-2246	arrives	_	_	_	_
27-15	2247-2251	with	_	_	_	_
27-16	2252-2254	an	person[129]	new[129]	_	_
27-17	2255-2265	unexpected	person[129]	new[129]	_	_
27-18	2266-2272	friend	person[129]	new[129]	_	_
27-19	2273-2274	,	_	_	_	_
27-20	2275-2277	be	_	_	_	_
27-21	2278-2284	polite	_	_	_	_
27-22	2285-2288	and	_	_	_	_
27-23	2289-2298	courteous	_	_	_	_
27-24	2299-2303	with	_	_	_	_
27-25	2304-2308	them	person	giv	coref	31-12[154_0]
27-26	2309-2310	,	_	_	_	_
27-27	2311-2314	and	_	_	_	_
27-28	2315-2320	speak	_	_	_	_
27-29	2321-2325	with	_	_	_	_
27-30	2326-2330	your	person|person[132]	giv|giv[132]	ana|ana	31-12|31-12
27-31	2331-2344	inconsiderate	person[132]	giv[132]	_	_
27-32	2345-2350	guest	person[132]	giv[132]	_	_
27-33	2351-2353	at	person[132]	giv[132]	_	_
27-34	2354-2361	another	person[132]|time[133]	giv[132]|new[133]	_	_
27-35	2362-2366	time	person[132]|time[133]	giv[132]|new[133]	_	_
27-36	2367-2368	.	_	_	_	_

#Text=Be punctual – never more than 10 minutes late .
28-1	2369-2371	Be	_	_	_	_
28-2	2372-2380	punctual	_	_	_	_
28-3	2381-2382	–	_	_	_	_
28-4	2383-2388	never	_	_	_	_
28-5	2389-2393	more	time[134]	new[134]	_	_
28-6	2394-2398	than	time[134]	new[134]	_	_
28-7	2399-2401	10	time[134]	new[134]	_	_
28-8	2402-2409	minutes	time[134]	new[134]	_	_
28-9	2410-2414	late	_	_	_	_
28-10	2415-2416	.	_	_	_	_

#Text=Desserts may be eaten with both a spoon and fork , or alternatively a fork alone if it is a cake or pastry style sweet .
29-1	2417-2425	Desserts	substance	new	_	_
29-2	2426-2429	may	_	_	_	_
29-3	2430-2432	be	_	_	_	_
29-4	2433-2438	eaten	_	_	_	_
29-5	2439-2443	with	_	_	_	_
29-6	2444-2448	both	object[136]	new[136]	coref	46-10[224_136]
29-7	2449-2450	a	object[136]	new[136]	_	_
29-8	2451-2456	spoon	object[136]	new[136]	_	_
29-9	2457-2460	and	_	_	_	_
29-10	2461-2465	fork	object	new	_	_
29-11	2466-2467	,	_	_	_	_
29-12	2468-2470	or	_	_	_	_
29-13	2471-2484	alternatively	object[138]	new[138]	ana	29-18[0_138]
29-14	2485-2486	a	object[138]	new[138]	_	_
29-15	2487-2491	fork	object[138]	new[138]	_	_
29-16	2492-2497	alone	object[138]	new[138]	_	_
29-17	2498-2500	if	_	_	_	_
29-18	2501-2503	it	object	giv	coref	29-20[140_0]
29-19	2504-2506	is	_	_	_	_
29-20	2507-2508	a	object[140]	giv[140]	coref	33-14[0_140]
29-21	2509-2513	cake	object[140]	giv[140]	_	_
29-22	2514-2516	or	_	_	_	_
29-23	2517-2523	pastry	organization|abstract[142]	new|new[142]	_	_
29-24	2524-2529	style	abstract[142]	new[142]	_	_
29-25	2530-2535	sweet	_	_	_	_
29-26	2536-2537	.	_	_	_	_

#Text=Should a lady wish to be excused for the bathroom , it is polite for the gentlemen to stand up as she leaves the table , sit down again , and then stand once more when she returns .
30-1	2538-2544	Should	_	_	_	_
30-2	2545-2546	a	person[143]	giv[143]	ana	30-22[0_143]
30-3	2547-2551	lady	person[143]	giv[143]	_	_
30-4	2552-2556	wish	_	_	_	_
30-5	2557-2559	to	_	_	_	_
30-6	2560-2562	be	_	_	_	_
30-7	2563-2570	excused	_	_	_	_
30-8	2571-2574	for	_	_	_	_
30-9	2575-2578	the	place[144]	new[144]	ana	30-12[0_144]
30-10	2579-2587	bathroom	place[144]	new[144]	_	_
30-11	2588-2589	,	_	_	_	_
30-12	2590-2592	it	place	giv	ana	31-1
30-13	2593-2595	is	_	_	_	_
30-14	2596-2602	polite	_	_	_	_
30-15	2603-2606	for	_	_	_	_
30-16	2607-2610	the	person[146]	giv[146]	_	_
30-17	2611-2620	gentlemen	person[146]	giv[146]	_	_
30-18	2621-2623	to	_	_	_	_
30-19	2624-2629	stand	_	_	_	_
30-20	2630-2632	up	_	_	_	_
30-21	2633-2635	as	_	_	_	_
30-22	2636-2639	she	person	giv	ana	30-37
30-23	2640-2646	leaves	_	_	_	_
30-24	2647-2650	the	object[148]	giv[148]	_	_
30-25	2651-2656	table	object[148]	giv[148]	_	_
30-26	2657-2658	,	_	_	_	_
30-27	2659-2662	sit	_	_	_	_
30-28	2663-2667	down	_	_	_	_
30-29	2668-2673	again	_	_	_	_
30-30	2674-2675	,	_	_	_	_
30-31	2676-2679	and	_	_	_	_
30-32	2680-2684	then	_	_	_	_
30-33	2685-2690	stand	_	_	_	_
30-34	2691-2695	once	_	_	_	_
30-35	2696-2700	more	_	_	_	_
30-36	2701-2705	when	_	_	_	_
30-37	2706-2709	she	person	giv	_	_
30-38	2710-2717	returns	_	_	_	_
30-39	2718-2719	.	_	_	_	_

#Text=It is considered polite to take along a small gift for your host and hostess .
31-1	2720-2722	It	place	giv	ana	33-25
31-2	2723-2725	is	_	_	_	_
31-3	2726-2736	considered	_	_	_	_
31-4	2737-2743	polite	_	_	_	_
31-5	2744-2746	to	_	_	_	_
31-6	2747-2751	take	_	_	_	_
31-7	2752-2757	along	_	_	_	_
31-8	2758-2759	a	object[151]	new[151]	_	_
31-9	2760-2765	small	object[151]	new[151]	_	_
31-10	2766-2770	gift	object[151]	new[151]	_	_
31-11	2771-2774	for	object[151]	new[151]	_	_
31-12	2775-2779	your	object[151]|person|person[153]|person[154]	new[151]|giv|giv[153]|giv[154]	ana|coref|ana|coref|ana|coref	33-2|35-16[178_153]|33-2|35-16[178_153]|33-2|35-16[178_153]
31-13	2780-2784	host	object[151]|person[153]|person[154]	new[151]|giv[153]|giv[154]	_	_
31-14	2785-2788	and	object[151]|person[154]	new[151]|giv[154]	_	_
31-15	2789-2796	hostess	object[151]|person[154]|person	new[151]|giv[154]|giv	coref	43-8[208_0]
31-16	2797-2798	.	_	_	_	_

#Text=Flowers , chocolates , champagne or wine is always appreciated .
32-1	2799-2806	Flowers	person|abstract[157]	new|new[157]	ana|ana	33-10[0_157]|33-10[0_157]
32-2	2807-2808	,	abstract[157]	new[157]	_	_
32-3	2809-2819	chocolates	abstract[157]|substance	new[157]|new	_	_
32-4	2820-2821	,	abstract[157]	new[157]	_	_
32-5	2822-2831	champagne	abstract[157]|substance	new[157]|new	_	_
32-6	2832-2834	or	abstract[157]	new[157]	_	_
32-7	2835-2839	wine	abstract[157]|substance	new[157]|new	coref	35-22
32-8	2840-2842	is	_	_	_	_
32-9	2843-2849	always	_	_	_	_
32-10	2850-2861	appreciated	_	_	_	_
32-11	2862-2863	.	_	_	_	_

#Text=If you know the host/hostess well enough , ask them if they need something to be brought along to the dinner and absolutely bring it with you .
33-1	2864-2866	If	_	_	_	_
33-2	2867-2870	you	person	giv	ana	33-27
33-3	2871-2875	know	_	_	_	_
33-4	2876-2879	the	person[162]	new[162]	_	_
33-5	2880-2892	host/hostess	person[162]	new[162]	_	_
33-6	2893-2897	well	_	_	_	_
33-7	2898-2904	enough	_	_	_	_
33-8	2905-2906	,	_	_	_	_
33-9	2907-2910	ask	_	_	_	_
33-10	2911-2915	them	abstract	giv	ana	33-12
33-11	2916-2918	if	_	_	_	_
33-12	2919-2923	they	abstract	giv	_	_
33-13	2924-2928	need	_	_	_	_
33-14	2929-2938	something	object	giv	ana	35-12
33-15	2939-2941	to	_	_	_	_
33-16	2942-2944	be	_	_	_	_
33-17	2945-2952	brought	_	_	_	_
33-18	2953-2958	along	_	_	_	_
33-19	2959-2961	to	_	_	_	_
33-20	2962-2965	the	event[166]	new[166]	coref	35-2[0_166]
33-21	2966-2972	dinner	event[166]	new[166]	_	_
33-22	2973-2976	and	_	_	_	_
33-23	2977-2987	absolutely	_	_	_	_
33-24	2988-2993	bring	_	_	_	_
33-25	2994-2996	it	place	giv	_	_
33-26	2997-3001	with	_	_	_	_
33-27	3002-3005	you	person	giv	ana	36-3
33-28	3006-3007	.	_	_	_	_

#Text=Always respond to an invitation within a week of receiving it .
34-1	3008-3014	Always	_	_	_	_
34-2	3015-3022	respond	_	_	_	_
34-3	3023-3025	to	_	_	_	_
34-4	3026-3028	an	abstract[169]	new[169]	ana	34-11[0_169]
34-5	3029-3039	invitation	abstract[169]	new[169]	_	_
34-6	3040-3046	within	_	_	_	_
34-7	3047-3048	a	time[170]	new[170]	_	_
34-8	3049-3053	week	time[170]	new[170]	_	_
34-9	3054-3056	of	_	_	_	_
34-10	3057-3066	receiving	_	_	_	_
34-11	3067-3069	it	abstract	giv	_	_
34-12	3070-3071	.	_	_	_	_

#Text=Good dinner party etiquette sometimes involves a degree of diplomacy when it comes to the host ’s choice of food and wine !
35-1	3072-3076	Good	abstract[174]	new[174]	coref	46-1[0_174]
35-2	3077-3083	dinner	event|event[173]|abstract[174]	giv|giv[173]|new[174]	_	_
35-3	3084-3089	party	event[173]|abstract[174]	giv[173]|new[174]	_	_
35-4	3090-3099	etiquette	abstract[174]	new[174]	_	_
35-5	3100-3109	sometimes	_	_	_	_
35-6	3110-3118	involves	_	_	_	_
35-7	3119-3120	a	abstract[175]	new[175]	_	_
35-8	3121-3127	degree	abstract[175]	new[175]	_	_
35-9	3128-3130	of	abstract[175]	new[175]	_	_
35-10	3131-3140	diplomacy	abstract[175]|abstract	new[175]|new	_	_
35-11	3141-3145	when	_	_	_	_
35-12	3146-3148	it	object	giv	coref	39-1[194_0]
35-13	3149-3154	comes	_	_	_	_
35-14	3155-3157	to	_	_	_	_
35-15	3158-3161	the	abstract[179]	new[179]	_	_
35-16	3162-3166	host	person[178]|abstract[179]	giv[178]|new[179]	_	_
35-17	3167-3169	’s	person[178]|abstract[179]	giv[178]|new[179]	_	_
35-18	3170-3176	choice	abstract[179]	new[179]	_	_
35-19	3177-3179	of	abstract[179]	new[179]	_	_
35-20	3180-3184	food	abstract[179]|substance	new[179]|giv	coref	53-13
35-21	3185-3188	and	abstract[179]	new[179]	_	_
35-22	3189-3193	wine	abstract[179]|substance	new[179]|giv	coref	53-15
35-23	3194-3195	!	_	_	_	_

#Text=Even if you feel that you can do better , do n’t ever offer your criticism .
36-1	3196-3200	Even	_	_	_	_
36-2	3201-3203	if	_	_	_	_
36-3	3204-3207	you	person	giv	ana	36-6
36-4	3208-3212	feel	_	_	_	_
36-5	3213-3217	that	_	_	_	_
36-6	3218-3221	you	person	giv	ana	36-15
36-7	3222-3225	can	_	_	_	_
36-8	3226-3228	do	_	_	_	_
36-9	3229-3235	better	_	_	_	_
36-10	3236-3237	,	_	_	_	_
36-11	3238-3240	do	_	_	_	_
36-12	3241-3244	n’t	_	_	_	_
36-13	3245-3249	ever	_	_	_	_
36-14	3250-3255	offer	_	_	_	_
36-15	3256-3260	your	person|abstract[185]	giv|new[185]	ana|ana	37-2|37-2
36-16	3261-3270	criticism	abstract[185]	new[185]	_	_
36-17	3271-3272	.	_	_	_	_

#Text=If you feel unable to pay any compliments , at least remain silent on the subject .
37-1	3273-3275	If	_	_	_	_
37-2	3276-3279	you	person	giv	ana	41-4
37-3	3280-3284	feel	_	_	_	_
37-4	3285-3291	unable	_	_	_	_
37-5	3292-3294	to	_	_	_	_
37-6	3295-3298	pay	_	_	_	_
37-7	3299-3302	any	abstract[187]	new[187]	_	_
37-8	3303-3314	compliments	abstract[187]	new[187]	_	_
37-9	3315-3316	,	_	_	_	_
37-10	3317-3319	at	_	_	_	_
37-11	3320-3325	least	_	_	_	_
37-12	3326-3332	remain	_	_	_	_
37-13	3333-3339	silent	_	_	_	_
37-14	3340-3342	on	_	_	_	_
37-15	3343-3346	the	abstract[188]	new[188]	_	_
37-16	3347-3354	subject	abstract[188]	new[188]	_	_
37-17	3355-3356	.	_	_	_	_

#Text=Forks should not be turned over unless being used for eating peas , sweetcorn kernels , rice or other similar foods .
38-1	3357-3362	Forks	object	new	_	_
38-2	3363-3369	should	_	_	_	_
38-3	3370-3373	not	_	_	_	_
38-4	3374-3376	be	_	_	_	_
38-5	3377-3383	turned	_	_	_	_
38-6	3384-3388	over	_	_	_	_
38-7	3389-3395	unless	_	_	_	_
38-8	3396-3401	being	_	_	_	_
38-9	3402-3406	used	_	_	_	_
38-10	3407-3410	for	_	_	_	_
38-11	3411-3417	eating	_	_	_	_
38-12	3418-3422	peas	plant	new	_	_
38-13	3423-3424	,	_	_	_	_
38-14	3425-3434	sweetcorn	substance[191]	new[191]	_	_
38-15	3435-3442	kernels	substance[191]	new[191]	_	_
38-16	3443-3444	,	_	_	_	_
38-17	3445-3449	rice	substance	new	_	_
38-18	3450-3452	or	_	_	_	_
38-19	3453-3458	other	substance[193]	new[193]	_	_
38-20	3459-3466	similar	substance[193]	new[193]	_	_
38-21	3467-3472	foods	substance[193]	new[193]	_	_
38-22	3473-3474	.	_	_	_	_

#Text=The fork should never be transferred to the right hand .
39-1	3475-3478	The	object[194]	giv[194]	coref	40-18[200_194]
39-2	3479-3483	fork	object[194]	giv[194]	_	_
39-3	3484-3490	should	_	_	_	_
39-4	3491-3496	never	_	_	_	_
39-5	3497-3499	be	_	_	_	_
39-6	3500-3511	transferred	_	_	_	_
39-7	3512-3514	to	_	_	_	_
39-8	3515-3518	the	object[195]	new[195]	_	_
39-9	3519-3524	right	object[195]	new[195]	_	_
39-10	3525-3529	hand	object[195]	new[195]	_	_
39-11	3530-3531	.	_	_	_	_

#Text=However , at a casual buffet , or barbecue , it is quite acceptable to eat with just a fork .
40-1	3532-3539	However	_	_	_	_
40-2	3540-3541	,	_	_	_	_
40-3	3542-3544	at	_	_	_	_
40-4	3545-3546	a	place[196]	new[196]	_	_
40-5	3547-3553	casual	place[196]	new[196]	_	_
40-6	3554-3560	buffet	place[196]	new[196]	_	_
40-7	3561-3562	,	_	_	_	_
40-8	3563-3565	or	_	_	_	_
40-9	3566-3574	barbecue	object	new	_	_
40-10	3575-3576	,	_	_	_	_
40-11	3577-3579	it	object	new	cata	40-11[0_199]
40-12	3580-3582	is	_	_	_	_
40-13	3583-3588	quite	_	_	_	_
40-14	3589-3599	acceptable	_	_	_	_
40-15	3600-3602	to	object[199]	new[199]	_	_
40-16	3603-3606	eat	object[199]	new[199]	_	_
40-17	3607-3611	with	_	_	_	_
40-18	3612-3616	just	object[200]	giv[200]	_	_
40-19	3617-3618	a	object[200]	giv[200]	_	_
40-20	3619-3623	fork	object[200]	giv[200]	_	_
40-21	3624-3625	.	_	_	_	_

#Text=Do n't forget your pleases and thank yous !
41-1	3626-3628	Do	_	_	_	_
41-2	3629-3632	n't	_	_	_	_
41-3	3633-3639	forget	_	_	_	_
41-4	3640-3644	your	person|abstract[202]	giv|new[202]	ana|ana	44-12|44-12
41-5	3645-3652	pleases	abstract[202]	new[202]	_	_
41-6	3653-3656	and	_	_	_	_
41-7	3657-3662	thank	_	_	_	_
41-8	3663-3667	yous	person	new	_	_
41-9	3668-3669	!	_	_	_	_

#Text=Dress according to the recommended ( if any ) dress code .
42-1	3670-3675	Dress	object[204]	new[204]	_	_
42-2	3676-3685	according	object[204]	new[204]	_	_
42-3	3686-3688	to	object[204]	new[204]	_	_
42-4	3689-3692	the	object[204]|abstract[206]	new[204]|new[206]	_	_
42-5	3693-3704	recommended	object[204]|abstract[206]	new[204]|new[206]	_	_
42-6	3705-3706	(	object[204]|abstract[206]	new[204]|new[206]	_	_
42-7	3707-3709	if	object[204]|abstract[206]	new[204]|new[206]	_	_
42-8	3710-3713	any	object[204]|abstract[206]	new[204]|new[206]	_	_
42-9	3714-3715	)	object[204]|abstract[206]	new[204]|new[206]	_	_
42-10	3716-3721	dress	object[204]|object|abstract[206]	new[204]|new|new[206]	coref	43-6
42-11	3722-3726	code	object[204]|abstract[206]	new[204]|new[206]	_	_
42-12	3727-3728	.	_	_	_	_

#Text=Never attempt to “ out dress ” the hostess !
43-1	3729-3734	Never	_	_	_	_
43-2	3735-3742	attempt	_	_	_	_
43-3	3743-3745	to	_	_	_	_
43-4	3746-3747	“	_	_	_	_
43-5	3748-3751	out	_	_	_	_
43-6	3752-3757	dress	abstract	giv	ana	44-2
43-7	3758-3759	”	_	_	_	_
43-8	3760-3763	the	person[208]	giv[208]	_	_
43-9	3764-3771	hostess	person[208]	giv[208]	_	_
43-10	3772-3773	!	_	_	_	_

#Text=Believe it or not , it 's perfectly fine to tip your bowl toward you to get every drop of soup .
44-1	3774-3781	Believe	_	_	_	_
44-2	3782-3784	it	abstract	giv	_	_
44-3	3785-3787	or	_	_	_	_
44-4	3788-3791	not	_	_	_	_
44-5	3792-3793	,	_	_	_	_
44-6	3794-3796	it	abstract	new	cata	44-6[0_211]
44-7	3797-3799	's	_	_	_	_
44-8	3800-3809	perfectly	_	_	_	_
44-9	3810-3814	fine	_	_	_	_
44-10	3815-3817	to	abstract[211]	new[211]	ana	45-8[0_211]
44-11	3818-3821	tip	abstract[211]	new[211]	_	_
44-12	3822-3826	your	abstract[211]|person|object[213]	new[211]|giv|new[213]	ana|coref|ana|coref	44-15|52-5[249_213]|44-15|52-5[249_213]
44-13	3827-3831	bowl	abstract[211]|object[213]	new[211]|new[213]	_	_
44-14	3832-3838	toward	_	_	_	_
44-15	3839-3842	you	person	giv	ana	46-10
44-16	3843-3845	to	_	_	_	_
44-17	3846-3849	get	_	_	_	_
44-18	3850-3855	every	substance[215]	new[215]	_	_
44-19	3856-3860	drop	substance[215]	new[215]	_	_
44-20	3861-3863	of	substance[215]	new[215]	_	_
44-21	3864-3868	soup	substance[215]|substance	new[215]|new	coref	45-4[217_0]
44-22	3869-3870	.	_	_	_	_

#Text=Never blow on hot soup , stir it to cool it down .
45-1	3871-3876	Never	_	_	_	_
45-2	3877-3881	blow	_	_	_	_
45-3	3882-3884	on	_	_	_	_
45-4	3885-3888	hot	substance[217]	giv[217]	coref	46-13[0_217]
45-5	3889-3893	soup	substance[217]	giv[217]	_	_
45-6	3894-3895	,	_	_	_	_
45-7	3896-3900	stir	_	_	_	_
45-8	3901-3903	it	abstract	giv	ana	45-11
45-9	3904-3906	to	_	_	_	_
45-10	3907-3911	cool	_	_	_	_
45-11	3912-3914	it	abstract	giv	_	_
45-12	3915-3919	down	_	_	_	_
45-13	3920-3921	.	_	_	_	_

#Text=Etiquette experts say that the proper way to fill your spoon with soup it to scoop away from you .
46-1	3922-3931	Etiquette	abstract|person[221]	giv|new[221]	_	_
46-2	3932-3939	experts	person[221]	new[221]	_	_
46-3	3940-3943	say	_	_	_	_
46-4	3944-3948	that	_	_	_	_
46-5	3949-3952	the	abstract[222]	new[222]	ana	47-16[0_222]
46-6	3953-3959	proper	abstract[222]	new[222]	_	_
46-7	3960-3963	way	abstract[222]	new[222]	_	_
46-8	3964-3966	to	_	_	_	_
46-9	3967-3971	fill	_	_	_	_
46-10	3972-3976	your	person|person[224]	giv|giv[224]	ana|coref|ana|coref	46-19|47-20[232_224]|46-19|47-20[232_224]
46-11	3977-3982	spoon	person[224]	giv[224]	_	_
46-12	3983-3987	with	_	_	_	_
46-13	3988-3992	soup	substance	giv	_	_
46-14	3993-3995	it	_	_	_	_
46-15	3996-3998	to	_	_	_	_
46-16	3999-4004	scoop	_	_	_	_
46-17	4005-4009	away	_	_	_	_
46-18	4010-4014	from	_	_	_	_
46-19	4015-4018	you	person	giv	ana	47-13
46-20	4019-4020	.	_	_	_	_

#Text=Try to not talk about touchy topics like politics and sex ; you might make it awkward and make the person uncomfortable .
47-1	4021-4024	Try	_	_	_	_
47-2	4025-4027	to	_	_	_	_
47-3	4028-4031	not	_	_	_	_
47-4	4032-4036	talk	_	_	_	_
47-5	4037-4042	about	_	_	_	_
47-6	4043-4049	touchy	abstract[227]	new[227]	_	_
47-7	4050-4056	topics	abstract[227]	new[227]	_	_
47-8	4057-4061	like	abstract[227]	new[227]	_	_
47-9	4062-4070	politics	abstract[227]|abstract	new[227]|new	_	_
47-10	4071-4074	and	abstract[227]	new[227]	_	_
47-11	4075-4078	sex	abstract[227]|event	new[227]|new	_	_
47-12	4079-4080	;	_	_	_	_
47-13	4081-4084	you	person	giv	ana	49-17
47-14	4085-4090	might	_	_	_	_
47-15	4091-4095	make	_	_	_	_
47-16	4096-4098	it	abstract	giv	ana	49-28
47-17	4099-4106	awkward	_	_	_	_
47-18	4107-4110	and	_	_	_	_
47-19	4111-4115	make	_	_	_	_
47-20	4116-4119	the	person[232]	giv[232]	_	_
47-21	4120-4126	person	person[232]	giv[232]	_	_
47-22	4127-4140	uncomfortable	_	_	_	_
47-23	4141-4142	.	_	_	_	_

#Text=Warnings
48-1	4143-4151	Warnings	abstract	new	_	_

#Text=Picking teeth ( unless toothpicks are provided ) is very nasty and unattractive , even if you think no one is looking or you 've " got it covered " .
49-1	4152-4159	Picking	_	_	_	_
49-2	4160-4165	teeth	object	new	_	_
49-3	4166-4167	(	_	_	_	_
49-4	4168-4174	unless	_	_	_	_
49-5	4175-4185	toothpicks	object	new	_	_
49-6	4186-4189	are	_	_	_	_
49-7	4190-4198	provided	_	_	_	_
49-8	4199-4200	)	_	_	_	_
49-9	4201-4203	is	_	_	_	_
49-10	4204-4208	very	_	_	_	_
49-11	4209-4214	nasty	_	_	_	_
49-12	4215-4218	and	_	_	_	_
49-13	4219-4231	unattractive	_	_	_	_
49-14	4232-4233	,	_	_	_	_
49-15	4234-4238	even	_	_	_	_
49-16	4239-4241	if	_	_	_	_
49-17	4242-4245	you	person	giv	ana	49-24
49-18	4246-4251	think	_	_	_	_
49-19	4252-4254	no	_	_	_	_
49-20	4255-4258	one	_	_	_	_
49-21	4259-4261	is	_	_	_	_
49-22	4262-4269	looking	_	_	_	_
49-23	4270-4272	or	_	_	_	_
49-24	4273-4276	you	person	giv	ana	53-31
49-25	4277-4280	've	_	_	_	_
49-26	4281-4282	"	_	_	_	_
49-27	4283-4286	got	_	_	_	_
49-28	4287-4289	it	abstract	giv	_	_
49-29	4290-4297	covered	_	_	_	_
49-30	4298-4299	"	_	_	_	_
49-31	4300-4301	.	_	_	_	_

#Text=Licking fingers is very unattractive !
50-1	4302-4309	Licking	object[239]	new[239]	_	_
50-2	4310-4317	fingers	object[239]	new[239]	_	_
50-3	4318-4320	is	_	_	_	_
50-4	4321-4325	very	_	_	_	_
50-5	4326-4338	unattractive	_	_	_	_
50-6	4339-4340	!	_	_	_	_

#Text=The only exception to the latter is when eating meat or poultry on the bone ( such as chicken legs or ribs ) .
51-1	4341-4344	The	abstract[240]	new[240]	_	_
51-2	4345-4349	only	abstract[240]	new[240]	_	_
51-3	4350-4359	exception	abstract[240]	new[240]	_	_
51-4	4360-4362	to	abstract[240]	new[240]	_	_
51-5	4363-4366	the	abstract[240]	new[240]	_	_
51-6	4367-4373	latter	abstract[240]	new[240]	_	_
51-7	4374-4376	is	_	_	_	_
51-8	4377-4381	when	_	_	_	_
51-9	4382-4388	eating	_	_	_	_
51-10	4389-4393	meat	substance	new	_	_
51-11	4394-4396	or	_	_	_	_
51-12	4397-4404	poultry	animal	new	_	_
51-13	4405-4407	on	_	_	_	_
51-14	4408-4411	the	object[243]	new[243]	_	_
51-15	4412-4416	bone	object[243]	new[243]	_	_
51-16	4417-4418	(	object[243]	new[243]	_	_
51-17	4419-4423	such	object[243]	new[243]	_	_
51-18	4424-4426	as	object[243]	new[243]	_	_
51-19	4427-4434	chicken	object[243]|animal|object[245]	new[243]|new|new[245]	_	_
51-20	4435-4439	legs	object[243]|object[245]	new[243]|new[245]	_	_
51-21	4440-4442	or	object[243]	new[243]	_	_
51-22	4443-4447	ribs	object[243]|object	new[243]|new	_	_
51-23	4448-4449	)	object[243]	new[243]	_	_
51-24	4450-4451	.	_	_	_	_

#Text=In which case , a finger bowl should be provided .
52-1	4452-4454	In	_	_	_	_
52-2	4455-4460	which	abstract[247]	new[247]	_	_
52-3	4461-4465	case	abstract[247]	new[247]	_	_
52-4	4466-4467	,	_	_	_	_
52-5	4468-4469	a	object[249]	giv[249]	_	_
52-6	4470-4476	finger	object|object[249]	new|giv[249]	_	_
52-7	4477-4481	bowl	object[249]	giv[249]	_	_
52-8	4482-4488	should	_	_	_	_
52-9	4489-4491	be	_	_	_	_
52-10	4492-4500	provided	_	_	_	_
52-11	4501-4502	.	_	_	_	_

#Text=Do n’t ever stretch across the table crossing other guests to reach food , wine or condiments ; instead , ask a guest sitting close to pass the item to you .
53-1	4503-4505	Do	_	_	_	_
53-2	4506-4509	n’t	_	_	_	_
53-3	4510-4514	ever	_	_	_	_
53-4	4515-4522	stretch	_	_	_	_
53-5	4523-4529	across	_	_	_	_
53-6	4530-4533	the	object[250]	new[250]	coref	58-9[0_250]
53-7	4534-4539	table	object[250]	new[250]	_	_
53-8	4540-4548	crossing	_	_	_	_
53-9	4549-4554	other	person[251]	new[251]	_	_
53-10	4555-4561	guests	person[251]	new[251]	_	_
53-11	4562-4564	to	_	_	_	_
53-12	4565-4570	reach	_	_	_	_
53-13	4571-4575	food	substance	giv	_	_
53-14	4576-4577	,	_	_	_	_
53-15	4578-4582	wine	substance	giv	coref	56-6[262_0]
53-16	4583-4585	or	_	_	_	_
53-17	4586-4596	condiments	object	new	_	_
53-18	4597-4598	;	_	_	_	_
53-19	4599-4606	instead	_	_	_	_
53-20	4607-4608	,	_	_	_	_
53-21	4609-4612	ask	_	_	_	_
53-22	4613-4614	a	person[255]	new[255]	_	_
53-23	4615-4620	guest	person[255]	new[255]	_	_
53-24	4621-4628	sitting	_	_	_	_
53-25	4629-4634	close	_	_	_	_
53-26	4635-4637	to	_	_	_	_
53-27	4638-4642	pass	_	_	_	_
53-28	4643-4646	the	object[256]	new[256]	_	_
53-29	4647-4651	item	object[256]	new[256]	_	_
53-30	4652-4654	to	_	_	_	_
53-31	4655-4658	you	person	giv	ana	54-4
53-32	4659-4660	.	_	_	_	_

#Text=Never talk with your mouth full .
54-1	4661-4666	Never	_	_	_	_
54-2	4667-4671	talk	_	_	_	_
54-3	4672-4676	with	_	_	_	_
54-4	4677-4681	your	person|object[259]	giv|new[259]	ana|ana	56-3|56-3
54-5	4682-4687	mouth	object[259]	new[259]	_	_
54-6	4688-4692	full	_	_	_	_
54-7	4693-4694	.	_	_	_	_

#Text=Loud eating noises such as slurping and burping are very impolite .
55-1	4695-4699	Loud	_	_	_	_
55-2	4700-4706	eating	_	_	_	_
55-3	4707-4713	noises	abstract	new	_	_
55-4	4714-4718	such	_	_	_	_
55-5	4719-4721	as	_	_	_	_
55-6	4722-4730	slurping	_	_	_	_
55-7	4731-4734	and	_	_	_	_
55-8	4735-4742	burping	_	_	_	_
55-9	4743-4746	are	_	_	_	_
55-10	4747-4751	very	_	_	_	_
55-11	4752-4760	impolite	_	_	_	_
55-12	4761-4762	.	_	_	_	_

#Text=Never embarrass yourself by drinking too much wine .
56-1	4763-4768	Never	_	_	_	_
56-2	4769-4778	embarrass	_	_	_	_
56-3	4779-4787	yourself	person	giv	_	_
56-4	4788-4790	by	_	_	_	_
56-5	4791-4799	drinking	_	_	_	_
56-6	4800-4803	too	substance[262]	giv[262]	coref	57-2[263_262]
56-7	4804-4808	much	substance[262]	giv[262]	_	_
56-8	4809-4813	wine	substance[262]	giv[262]	_	_
56-9	4814-4815	.	_	_	_	_

#Text=Where a different wine is served with each course , it is quite acceptable to not finish each glass .
57-1	4816-4821	Where	_	_	_	_
57-2	4822-4823	a	substance[263]	giv[263]	_	_
57-3	4824-4833	different	substance[263]	giv[263]	_	_
57-4	4834-4838	wine	substance[263]	giv[263]	_	_
57-5	4839-4841	is	_	_	_	_
57-6	4842-4848	served	_	_	_	_
57-7	4849-4853	with	_	_	_	_
57-8	4854-4858	each	object[264]	new[264]	_	_
57-9	4859-4865	course	object[264]	new[264]	_	_
57-10	4866-4867	,	_	_	_	_
57-11	4868-4870	it	abstract	new	cata	57-11[0_266]
57-12	4871-4873	is	_	_	_	_
57-13	4874-4879	quite	_	_	_	_
57-14	4880-4890	acceptable	_	_	_	_
57-15	4891-4893	to	abstract[266]	new[266]	ana	58-1[0_266]
57-16	4894-4897	not	abstract[266]	new[266]	_	_
57-17	4898-4904	finish	abstract[266]	new[266]	_	_
57-18	4905-4909	each	abstract[266]|object[267]	new[266]|new[267]	_	_
57-19	4910-4915	glass	abstract[266]|object[267]	new[266]|new[267]	_	_
57-20	4916-4917	.	_	_	_	_

#Text=It is not generally regarded as good dinner table etiquette to use one ’s bread for dipping into soups or mopping up sauces .
58-1	4918-4920	It	abstract	giv	_	_
58-2	4921-4923	is	_	_	_	_
58-3	4924-4927	not	_	_	_	_
58-4	4928-4937	generally	_	_	_	_
58-5	4938-4946	regarded	_	_	_	_
58-6	4947-4949	as	_	_	_	_
58-7	4950-4954	good	_	_	_	_
58-8	4955-4961	dinner	event	new	_	_
58-9	4962-4967	table	object	giv	_	_
58-10	4968-4977	etiquette	_	_	_	_
58-11	4978-4980	to	_	_	_	_
58-12	4981-4984	use	_	_	_	_
58-13	4985-4988	one	object[271]	new[271]	_	_
58-14	4989-4991	’s	object[271]	new[271]	_	_
58-15	4992-4997	bread	object[271]	new[271]	_	_
58-16	4998-5001	for	_	_	_	_
58-17	5002-5009	dipping	_	_	_	_
58-18	5010-5014	into	_	_	_	_
58-19	5015-5020	soups	substance	new	_	_
58-20	5021-5023	or	_	_	_	_
58-21	5024-5031	mopping	_	_	_	_
58-22	5032-5034	up	_	_	_	_
58-23	5035-5041	sauces	substance	new	_	_
58-24	5042-5043	.	_	_	_	_
