#FORMAT=WebAnno TSV 3.2
#T_SP=webanno.custom.Referent|entity|infstat
#T_RL=webanno.custom.Coref|type|BT_webanno.custom.Referent


#Text=County Fermanagh
1-1	0-6	County	place|place[2]	new|new[2]	coref|coref|coref|coref	2-1|2-1[4_2]|2-1|2-1[4_2]
1-2	7-16	Fermanagh	place[2]	new[2]	_	_

#Text=County Fermanagh ( Irish : Contae Fhear Manach ) is a largely rural county in the south-west of Northern Ireland and is famed for its numerous lakes .
2-1	17-23	County	place|place[4]	giv|giv[4]	coref|coref|coref|coref	2-11[8_4]|3-1|2-11[8_4]|3-1
2-2	24-33	Fermanagh	place[4]	giv[4]	_	_
2-3	34-35	(	_	_	_	_
2-4	36-41	Irish	person	new	_	_
2-5	42-43	:	_	_	_	_
2-6	44-50	Contae	animal[6]	new[6]	_	_
2-7	51-56	Fhear	animal[6]|abstract	new[6]|new	_	_
2-8	57-63	Manach	animal[6]	new[6]	_	_
2-9	64-65	)	_	_	_	_
2-10	66-68	is	_	_	_	_
2-11	69-70	a	place[8]	giv[8]	coref	3-1[14_8]
2-12	71-78	largely	place[8]	giv[8]	_	_
2-13	79-84	rural	place[8]	giv[8]	_	_
2-14	85-91	county	place[8]	giv[8]	_	_
2-15	92-94	in	place[8]	giv[8]	_	_
2-16	95-98	the	place[8]|place[9]	giv[8]|new[9]	_	_
2-17	99-109	south-west	place[8]|place[9]	giv[8]|new[9]	_	_
2-18	110-112	of	place[8]|place[9]	giv[8]|new[9]	_	_
2-19	113-121	Northern	place[8]|place[9]|place[10]	giv[8]|new[9]|new[10]	ana	2-25[0_10]
2-20	122-129	Ireland	place[8]|place[9]|place[10]	giv[8]|new[9]|new[10]	_	_
2-21	130-133	and	_	_	_	_
2-22	134-136	is	_	_	_	_
2-23	137-142	famed	_	_	_	_
2-24	143-146	for	_	_	_	_
2-25	147-150	its	place|place[12]	giv|new[12]	coref|coref|coref|coref	3-18[19_0]|8-1[49_12]|3-18[19_0]|8-1[49_12]
2-26	151-159	numerous	place[12]	new[12]	_	_
2-27	160-165	lakes	place[12]	new[12]	_	_
2-28	166-167	.	_	_	_	_

#Text=County Fermanagh belongs to the province of Ulster and is one of the six counties that form Northern Ireland .
3-1	168-174	County	place|place[14]	giv|giv[14]	coref|coref|coref|coref	5-4|6-1[41_14]|5-4|6-1[41_14]
3-2	175-184	Fermanagh	place[14]	giv[14]	_	_
3-3	185-192	belongs	_	_	_	_
3-4	193-195	to	_	_	_	_
3-5	196-199	the	place[15]	new[15]	ana	4-1[0_15]
3-6	200-208	province	place[15]	new[15]	_	_
3-7	209-211	of	place[15]	new[15]	_	_
3-8	212-218	Ulster	place[15]|place	new[15]|new	_	_
3-9	219-222	and	_	_	_	_
3-10	223-225	is	_	_	_	_
3-11	226-229	one	place[17]	new[17]	_	_
3-12	230-232	of	place[17]	new[17]	_	_
3-13	233-236	the	place[17]|place[18]	new[17]|new[18]	_	_
3-14	237-240	six	place[17]|place[18]	new[17]|new[18]	_	_
3-15	241-249	counties	place[17]|place[18]	new[17]|new[18]	_	_
3-16	250-254	that	_	_	_	_
3-17	255-259	form	_	_	_	_
3-18	260-268	Northern	place[19]	giv[19]	coref	4-3[21_19]
3-19	269-276	Ireland	place[19]	giv[19]	_	_
3-20	277-278	.	_	_	_	_

#Text=It is Northern Ireland ’s western most county and covers an area of 1,691 km ² .
4-1	279-281	It	place	giv	coref	4-3[22_0]
4-2	282-284	is	_	_	_	_
4-3	285-293	Northern	place[21]|place[22]	giv[21]|giv[22]	ana|coref|ana|coref	5-1[0_22]|15-21[0_21]|5-1[0_22]|15-21[0_21]
4-4	294-301	Ireland	place[21]|place[22]	giv[21]|giv[22]	_	_
4-5	302-304	’s	place[21]|place[22]	giv[21]|giv[22]	_	_
4-6	305-312	western	place[22]	giv[22]	_	_
4-7	313-317	most	place[22]	giv[22]	_	_
4-8	318-324	county	place[22]	giv[22]	_	_
4-9	325-328	and	_	_	_	_
4-10	329-335	covers	_	_	_	_
4-11	336-338	an	abstract[23]	new[23]	_	_
4-12	339-343	area	abstract[23]	new[23]	_	_
4-13	344-346	of	abstract[23]	new[23]	_	_
4-14	347-352	1,691	abstract[23]|quantity[24]	new[23]|new[24]	_	_
4-15	353-355	km	abstract[23]|quantity[24]	new[23]|new[24]	_	_
4-16	356-357	²	abstract[23]	new[23]	_	_
4-17	358-359	.	_	_	_	_

#Text=Its capital ( County Town ) is Enniskillen housing the tourist attractions of Enniskillen Castle , Cole 's Monument , the Ardhowen Theatre and Saint Macartin 's Cathedral .
5-1	360-363	Its	place|place[26]	giv|new[26]	coref|coref|coref|coref	5-8[0_26]|8-15[54_0]|5-8[0_26]|8-15[54_0]
5-2	364-371	capital	place[26]	new[26]	_	_
5-3	372-373	(	_	_	_	_
5-4	374-380	County	place|place[28]	giv|new[28]	coref|coref	6-1|6-1
5-5	381-385	Town	place[28]	new[28]	_	_
5-6	386-387	)	_	_	_	_
5-7	388-390	is	_	_	_	_
5-8	391-402	Enniskillen	place	giv	coref	8-14[55_0]
5-9	403-410	housing	_	_	_	_
5-10	411-414	the	abstract[31]	new[31]	_	_
5-11	415-422	tourist	person|abstract[31]	new|new[31]	_	_
5-12	423-434	attractions	abstract[31]	new[31]	_	_
5-13	435-437	of	abstract[31]	new[31]	_	_
5-14	438-449	Enniskillen	abstract[31]|person[32]	new[31]|new[32]	coref	16-8[89_32]
5-15	450-456	Castle	abstract[31]|person[32]	new[31]|new[32]	_	_
5-16	457-458	,	abstract[31]	new[31]	_	_
5-17	459-463	Cole	abstract[31]|person[33]|object[34]	new[31]|new[33]|new[34]	_	_
5-18	464-466	's	abstract[31]|person[33]|object[34]	new[31]|new[33]|new[34]	_	_
5-19	467-475	Monument	abstract[31]|object[34]	new[31]|new[34]	_	_
5-20	476-477	,	abstract[31]	new[31]	_	_
5-21	478-481	the	abstract[31]|place[36]	new[31]|new[36]	_	_
5-22	482-490	Ardhowen	abstract[31]|place|place[36]	new[31]|new|new[36]	_	_
5-23	491-498	Theatre	abstract[31]|place[36]	new[31]|new[36]	_	_
5-24	499-502	and	abstract[31]	new[31]	_	_
5-25	503-508	Saint	abstract[31]|person|abstract[38]|place[39]	new[31]|new|new[38]|new[39]	_	_
5-26	509-517	Macartin	abstract[31]|abstract[38]|place[39]	new[31]|new[38]|new[39]	_	_
5-27	518-520	's	abstract[31]|abstract[38]|place[39]	new[31]|new[38]|new[39]	_	_
5-28	521-530	Cathedral	abstract[31]|place[39]	new[31]|new[39]	_	_
5-29	531-532	.	_	_	_	_

#Text=County Fermanagh is a rural area and therefore agriculture and tourism are the most important industries .
6-1	533-539	County	place|place[41]	giv|giv[41]	coref|coref|coref|coref	6-4[42_41]|59-4|6-4[42_41]|59-4
6-2	540-549	Fermanagh	place[41]	giv[41]	_	_
6-3	550-552	is	_	_	_	_
6-4	553-554	a	place[42]	giv[42]	coref	25-10[0_42]
6-5	555-560	rural	place[42]	giv[42]	_	_
6-6	561-565	area	place[42]	giv[42]	_	_
6-7	566-569	and	place[42]	giv[42]	_	_
6-8	570-579	therefore	place[42]|abstract[43]	giv[42]|new[43]	_	_
6-9	580-591	agriculture	place[42]|abstract[43]	giv[42]|new[43]	_	_
6-10	592-595	and	place[42]	giv[42]	_	_
6-11	596-603	tourism	place[42]|abstract	giv[42]|new	coref	6-13[45_0]
6-12	604-607	are	place[42]	giv[42]	_	_
6-13	608-611	the	place[42]|abstract[45]	giv[42]|giv[45]	_	_
6-14	612-616	most	place[42]|abstract[45]	giv[42]|giv[45]	_	_
6-15	617-626	important	place[42]|abstract[45]	giv[42]|giv[45]	_	_
6-16	627-637	industries	place[42]|abstract[45]	giv[42]|giv[45]	_	_
6-17	638-639	.	_	_	_	_

#Text=The agricultural land is mainly used for hay and grazing than for other crops .
7-1	640-643	The	place[46]	new[46]	_	_
7-2	644-656	agricultural	place[46]	new[46]	_	_
7-3	657-661	land	place[46]	new[46]	_	_
7-4	662-664	is	_	_	_	_
7-5	665-671	mainly	_	_	_	_
7-6	672-676	used	_	_	_	_
7-7	677-680	for	_	_	_	_
7-8	681-684	hay	substance	new	_	_
7-9	685-688	and	_	_	_	_
7-10	689-696	grazing	_	_	_	_
7-11	697-701	than	_	_	_	_
7-12	702-705	for	_	_	_	_
7-13	706-711	other	plant[48]	new[48]	_	_
7-14	712-717	crops	plant[48]	new[48]	_	_
7-15	718-719	.	_	_	_	_

#Text=The two lakes Upper Lough Erne and Lower Lough Erne are separated by the county 's capital and linked to the river Shannon .
8-1	720-723	The	place[49]	giv[49]	_	_
8-2	724-727	two	place[49]	giv[49]	_	_
8-3	728-733	lakes	place[49]	giv[49]	_	_
8-4	734-739	Upper	_	_	_	_
8-5	740-745	Lough	person|place[51]	new|new[51]	coref|coref|coref|coref	8-9|8-8[53_51]|8-9|8-8[53_51]
8-6	746-750	Erne	place[51]	new[51]	_	_
8-7	751-754	and	_	_	_	_
8-8	755-760	Lower	place[53]	giv[53]	coref	10-20[66_53]
8-9	761-766	Lough	person|place[53]	giv|giv[53]	coref	10-20
8-10	767-771	Erne	place[53]	giv[53]	_	_
8-11	772-775	are	_	_	_	_
8-12	776-785	separated	_	_	_	_
8-13	786-788	by	_	_	_	_
8-14	789-792	the	place[55]	giv[55]	_	_
8-15	793-799	county	place[54]|place[55]	giv[54]|giv[55]	_	_
8-16	800-802	's	place[54]|place[55]	giv[54]|giv[55]	_	_
8-17	803-810	capital	place[55]	giv[55]	_	_
8-18	811-814	and	_	_	_	_
8-19	815-821	linked	_	_	_	_
8-20	822-824	to	_	_	_	_
8-21	825-828	the	place[57]	new[57]	_	_
8-22	829-834	river	place|place[57]	new|new[57]	_	_
8-23	835-842	Shannon	place[57]	new[57]	_	_
8-24	843-844	.	_	_	_	_

#Text=Towns
9-1	845-850	Towns	place	new	_	_

#Text=( Inis Ceithleann , " Ceithlenn 's island " ) – situated between the Upper and Lower sections of Lough Erne
10-1	851-852	(	_	_	_	_
10-2	853-857	Inis	person|abstract[60]	new|new[60]	appos|appos	10-6[62_60]|10-6[62_60]
10-3	858-868	Ceithleann	abstract[60]	new[60]	_	_
10-4	869-870	,	_	_	_	_
10-5	871-872	"	_	_	_	_
10-6	873-882	Ceithlenn	object[61]|abstract[62]	new[61]|giv[62]	_	_
10-7	883-885	's	object[61]|abstract[62]	new[61]|giv[62]	_	_
10-8	886-892	island	abstract[62]	giv[62]	_	_
10-9	893-894	"	_	_	_	_
10-10	895-896	)	_	_	_	_
10-11	897-898	–	_	_	_	_
10-12	899-907	situated	_	_	_	_
10-13	908-915	between	_	_	_	_
10-14	916-919	the	place[63]	new[63]	_	_
10-15	920-925	Upper	place[63]	new[63]	_	_
10-16	926-929	and	_	_	_	_
10-17	930-935	Lower	plant[64]	new[64]	_	_
10-18	936-944	sections	plant[64]	new[64]	_	_
10-19	945-947	of	plant[64]	new[64]	_	_
10-20	948-953	Lough	plant[64]|person|place[66]	new[64]|giv|giv[66]	coref|coref	49-12|49-12
10-21	954-958	Erne	plant[64]|place[66]	new[64]|giv[66]	_	_

#Text=Villages
11-1	959-967	Villages	place	new	_	_

#Text=( Béal Átha na Mallacht , " ford-mouth of the curses " )
12-1	968-969	(	_	_	_	_
12-2	970-974	Béal	_	_	_	_
12-3	975-979	Átha	_	_	_	_
12-4	980-982	na	_	_	_	_
12-5	983-991	Mallacht	_	_	_	_
12-6	992-993	,	_	_	_	_
12-7	994-995	"	_	_	_	_
12-8	996-1006	ford-mouth	object[68]	new[68]	coref	18-9[96_68]
12-9	1007-1009	of	object[68]	new[68]	_	_
12-10	1010-1013	the	object[68]|abstract[69]	new[68]|new[69]	_	_
12-11	1014-1020	curses	object[68]|abstract[69]	new[68]|new[69]	_	_
12-12	1021-1022	"	_	_	_	_
12-13	1023-1024	)	_	_	_	_

#Text=( Béal Cú , " mouth of the narrow stretch of water " ) - and Florencecourt :
13-1	1025-1026	(	_	_	_	_
13-2	1027-1031	Béal	person|place[71]	new|new[71]	appos|coref|appos|coref	13-5[72_71]|15-2[78_0]|13-5[72_71]|15-2[78_0]
13-3	1032-1034	Cú	place[71]	new[71]	_	_
13-4	1035-1036	,	_	_	_	_
13-5	1037-1038	"	place[72]	giv[72]	_	_
13-6	1039-1044	mouth	place[72]	giv[72]	_	_
13-7	1045-1047	of	place[72]	giv[72]	_	_
13-8	1048-1051	the	place[72]	giv[72]	_	_
13-9	1052-1058	narrow	place[72]	giv[72]	_	_
13-10	1059-1066	stretch	place[72]	giv[72]	_	_
13-11	1067-1069	of	place[72]	giv[72]	_	_
13-12	1070-1075	water	place[72]|substance	giv[72]|new	_	_
13-13	1076-1077	"	place[72]	giv[72]	_	_
13-14	1078-1079	)	place[72]	giv[72]	_	_
13-15	1080-1081	-	place[72]	giv[72]	_	_
13-16	1082-1085	and	place[72]	giv[72]	_	_
13-17	1086-1099	Florencecourt	place[72]|place	giv[72]|new	_	_
13-18	1100-1101	:	_	_	_	_

#Text=Florence Court , the Marble Arch Caves
14-1	1102-1110	Florence	place[75]	new[75]	_	_
14-2	1111-1116	Court	place[75]	new[75]	_	_
14-3	1117-1118	,	_	_	_	_
14-4	1119-1122	the	place[77]	new[77]	_	_
14-5	1123-1129	Marble	person|place[77]	new|new[77]	_	_
14-6	1130-1134	Arch	place[77]	new[77]	_	_
14-7	1135-1140	Caves	place[77]	new[77]	_	_

#Text=( Béal Leice , " mouth of the flagstones " ) - with Belleek Pottery , the oldest pottery in Ireland producing the finest china .
15-1	1141-1142	(	_	_	_	_
15-2	1143-1147	Béal	person[78]	giv[78]	_	_
15-3	1148-1153	Leice	person[78]	giv[78]	_	_
15-4	1154-1155	,	_	_	_	_
15-5	1156-1157	"	_	_	_	_
15-6	1158-1163	mouth	place[79]	new[79]	_	_
15-7	1164-1166	of	place[79]	new[79]	_	_
15-8	1167-1170	the	place[79]|object[80]	new[79]|new[80]	_	_
15-9	1171-1181	flagstones	place[79]|object[80]	new[79]|new[80]	_	_
15-10	1182-1183	"	_	_	_	_
15-11	1184-1185	)	_	_	_	_
15-12	1186-1187	-	_	_	_	_
15-13	1188-1192	with	_	_	_	_
15-14	1193-1200	Belleek	abstract|object[82]	new|new[82]	appos|appos	15-17[83_82]|15-17[83_82]
15-15	1201-1208	Pottery	object[82]	new[82]	_	_
15-16	1209-1210	,	_	_	_	_
15-17	1211-1214	the	object[83]	giv[83]	_	_
15-18	1215-1221	oldest	object[83]	giv[83]	_	_
15-19	1222-1229	pottery	object[83]	giv[83]	_	_
15-20	1230-1232	in	object[83]	giv[83]	_	_
15-21	1233-1240	Ireland	object[83]|place	giv[83]|giv	coref	22-7[106_0]
15-22	1241-1250	producing	_	_	_	_
15-23	1251-1254	the	object[85]	new[85]	_	_
15-24	1255-1261	finest	object[85]	new[85]	_	_
15-25	1262-1267	china	object[85]	new[85]	_	_
15-26	1268-1269	.	_	_	_	_

#Text=( Baile an Irbhinigh ) - with Necarne Castle and Castle Archdale
16-1	1270-1271	(	_	_	_	_
16-2	1272-1277	Baile	abstract	new	_	_
16-3	1278-1280	an	place[87]	new[87]	_	_
16-4	1281-1290	Irbhinigh	place[87]	new[87]	_	_
16-5	1291-1292	)	_	_	_	_
16-6	1293-1294	-	_	_	_	_
16-7	1295-1299	with	_	_	_	_
16-8	1300-1307	Necarne	place|person[89]	new|giv[89]	coref|coref	16-11[0_89]|16-11[0_89]
16-9	1308-1314	Castle	person[89]	giv[89]	_	_
16-10	1315-1318	and	_	_	_	_
16-11	1319-1325	Castle	person|place[91]	giv|new[91]	_	_
16-12	1326-1334	Archdale	place[91]	new[91]	_	_

#Text=( Ceis , " wicker bridge " )
17-1	1335-1336	(	_	_	_	_
17-2	1337-1341	Ceis	abstract	new	_	_
17-3	1342-1343	,	_	_	_	_
17-4	1344-1345	"	_	_	_	_
17-5	1346-1352	wicker	object[93]	new[93]	_	_
17-6	1353-1359	bridge	object[93]	new[93]	_	_
17-7	1360-1361	"	_	_	_	_
17-8	1362-1363	)	_	_	_	_

#Text=( Lios Béal Átha , " ringfort at the ford-mouth " )
18-1	1364-1365	(	_	_	_	_
18-2	1366-1370	Lios	abstract[94]	new[94]	coref	19-2[0_94]
18-3	1371-1375	Béal	abstract[94]	new[94]	_	_
18-4	1376-1380	Átha	abstract[94]	new[94]	_	_
18-5	1381-1382	,	_	_	_	_
18-6	1383-1384	"	_	_	_	_
18-7	1385-1393	ringfort	abstract[95]	new[95]	_	_
18-8	1394-1396	at	abstract[95]	new[95]	_	_
18-9	1397-1400	the	abstract[95]|object[96]	new[95]|giv[96]	_	_
18-10	1401-1411	ford-mouth	abstract[95]|object[96]	new[95]|giv[96]	_	_
18-11	1412-1413	"	_	_	_	_
18-12	1414-1415	)	_	_	_	_

#Text=( Lios na Scéithe , " fort of the shield " ) and the Crom Estate
19-1	1416-1417	(	_	_	_	_
19-2	1418-1422	Lios	abstract	giv	appos	19-3[98_0]
19-3	1423-1425	na	abstract[98]	giv[98]	_	_
19-4	1426-1433	Scéithe	abstract[98]	giv[98]	_	_
19-5	1434-1435	,	abstract[98]	giv[98]	_	_
19-6	1436-1437	"	abstract[98]	giv[98]	_	_
19-7	1438-1442	fort	abstract[98]|place|object[100]	giv[98]|new|new[100]	_	_
19-8	1443-1445	of	abstract[98]|object[100]	giv[98]|new[100]	_	_
19-9	1446-1449	the	abstract[98]|object[100]	giv[98]|new[100]	_	_
19-10	1450-1456	shield	abstract[98]|object[100]	giv[98]|new[100]	_	_
19-11	1457-1458	"	abstract[98]	giv[98]	_	_
19-12	1459-1460	)	abstract[98]	giv[98]	_	_
19-13	1461-1464	and	abstract[98]	giv[98]	_	_
19-14	1465-1468	the	abstract[98]|place[102]	giv[98]|new[102]	_	_
19-15	1469-1473	Crom	abstract[98]|person|place[102]	giv[98]|new|new[102]	_	_
19-16	1474-1480	Estate	abstract[98]|place[102]	giv[98]|new[102]	_	_

#Text=Other destinations
20-1	1481-1486	Other	place[103]	new[103]	_	_
20-2	1487-1499	destinations	place[103]	new[103]	_	_

#Text=By plane
21-1	1500-1502	By	_	_	_	_
21-2	1503-1508	plane	object	new	ana	23-1

#Text=There are three main airports in Northern Ireland .
22-1	1509-1514	There	_	_	_	_
22-2	1515-1518	are	_	_	_	_
22-3	1519-1524	three	object[105]	new[105]	_	_
22-4	1525-1529	main	object[105]	new[105]	_	_
22-5	1530-1538	airports	object[105]	new[105]	_	_
22-6	1539-1541	in	object[105]	new[105]	_	_
22-7	1542-1550	Northern	object[105]|place[106]	new[105]|giv[106]	coref	25-28[119_106]
22-8	1551-1558	Ireland	object[105]|place[106]	new[105]|giv[106]	_	_
22-9	1559-1560	.	_	_	_	_

#Text=Both ( BFS ) and ( BHD ) are a 2 hour drive away .
23-1	1561-1565	Both	object	giv	_	_
23-2	1566-1567	(	_	_	_	_
23-3	1568-1571	BFS	abstract	new	_	_
23-4	1572-1573	)	_	_	_	_
23-5	1574-1577	and	_	_	_	_
23-6	1578-1579	(	_	_	_	_
23-7	1580-1583	BHD	event	new	coref	23-10[111_0]
23-8	1584-1585	)	_	_	_	_
23-9	1586-1589	are	_	_	_	_
23-10	1590-1591	a	event[111]	giv[111]	_	_
23-11	1592-1593	2	time[110]|event[111]	new[110]|giv[111]	_	_
23-12	1594-1598	hour	time[110]|event[111]	new[110]|giv[111]	_	_
23-13	1599-1604	drive	event[111]	giv[111]	_	_
23-14	1605-1609	away	event[111]	giv[111]	_	_
23-15	1610-1611	.	_	_	_	_

#Text=( LDY ) is 1h 45min away .
24-1	1612-1613	(	_	_	_	_
24-2	1614-1617	LDY	abstract	new	coref	24-5[113_0]
24-3	1618-1619	)	_	_	_	_
24-4	1620-1622	is	_	_	_	_
24-5	1623-1625	1h	abstract[113]	giv[113]	_	_
24-6	1626-1631	45min	abstract[113]	giv[113]	_	_
24-7	1632-1636	away	abstract[113]	giv[113]	_	_
24-8	1637-1638	.	_	_	_	_

#Text=Alternatively ( DUB ) is about 2.5h drive from Fermanagh and many like to combine seeing both the beauty and culture of both Southern as well as Northern Ireland .
25-1	1639-1652	Alternatively	_	_	_	_
25-2	1653-1654	(	_	_	_	_
25-3	1655-1658	DUB	event	new	coref	25-6[115_0]
25-4	1659-1660	)	_	_	_	_
25-5	1661-1663	is	_	_	_	_
25-6	1664-1669	about	event[115]	giv[115]	_	_
25-7	1670-1674	2.5h	event[115]	giv[115]	_	_
25-8	1675-1680	drive	event[115]	giv[115]	_	_
25-9	1681-1685	from	event[115]	giv[115]	_	_
25-10	1686-1695	Fermanagh	event[115]|place	giv[115]|giv	coref	44-12
25-11	1696-1699	and	_	_	_	_
25-12	1700-1704	many	_	_	_	_
25-13	1705-1709	like	_	_	_	_
25-14	1710-1712	to	_	_	_	_
25-15	1713-1720	combine	_	_	_	_
25-16	1721-1727	seeing	_	_	_	_
25-17	1728-1732	both	abstract[117]	new[117]	_	_
25-18	1733-1736	the	abstract[117]	new[117]	_	_
25-19	1737-1743	beauty	abstract[117]	new[117]	_	_
25-20	1744-1747	and	_	_	_	_
25-21	1748-1755	culture	abstract[118]	new[118]	_	_
25-22	1756-1758	of	abstract[118]	new[118]	_	_
25-23	1759-1763	both	abstract[118]	new[118]	_	_
25-24	1764-1772	Southern	abstract[118]	new[118]	_	_
25-25	1773-1775	as	_	_	_	_
25-26	1776-1780	well	_	_	_	_
25-27	1781-1783	as	_	_	_	_
25-28	1784-1792	Northern	place[119]	giv[119]	coref	27-18[126_119]
25-29	1793-1800	Ireland	place[119]	giv[119]	_	_
25-30	1801-1802	.	_	_	_	_

#Text=By boat
26-1	1803-1805	By	_	_	_	_
26-2	1806-1810	boat	object	new	_	_

#Text=Many travellers from the UK like to avail of the frequent ferry services operating between Britain and Northern Ireland .
27-1	1811-1815	Many	person[121]	new[121]	_	_
27-2	1816-1826	travellers	person[121]	new[121]	_	_
27-3	1827-1831	from	person[121]	new[121]	_	_
27-4	1832-1835	the	person[121]|place[122]	new[121]|new[122]	_	_
27-5	1836-1838	UK	person[121]|place[122]	new[121]|new[122]	_	_
27-6	1839-1843	like	_	_	_	_
27-7	1844-1846	to	_	_	_	_
27-8	1847-1852	avail	_	_	_	_
27-9	1853-1855	of	_	_	_	_
27-10	1856-1859	the	abstract[124]	new[124]	coref	33-14[152_124]
27-11	1860-1868	frequent	abstract[124]	new[124]	_	_
27-12	1869-1874	ferry	object|abstract[124]	new|new[124]	coref	28-4[129_0]
27-13	1875-1883	services	abstract[124]	new[124]	_	_
27-14	1884-1893	operating	_	_	_	_
27-15	1894-1901	between	_	_	_	_
27-16	1902-1909	Britain	place	new	_	_
27-17	1910-1913	and	_	_	_	_
27-18	1914-1922	Northern	place[126]	giv[126]	coref	30-9[135_126]
27-19	1923-1930	Ireland	place[126]	giv[126]	_	_
27-20	1931-1932	.	_	_	_	_

#Text=Belfast Port and the ferry into Larne are popular points of entry .
28-1	1933-1940	Belfast	place|place[128]	new|new[128]	_	_
28-2	1941-1945	Port	place[128]	new[128]	_	_
28-3	1946-1949	and	_	_	_	_
28-4	1950-1953	the	place[129]	giv[129]	coref	28-9[131_129]
28-5	1954-1959	ferry	place[129]	giv[129]	_	_
28-6	1960-1964	into	place[129]	giv[129]	_	_
28-7	1965-1970	Larne	place[129]|place	giv[129]|new	_	_
28-8	1971-1974	are	_	_	_	_
28-9	1975-1982	popular	place[131]	giv[131]	_	_
28-10	1983-1989	points	place[131]	giv[131]	_	_
28-11	1990-1992	of	place[131]	giv[131]	_	_
28-12	1993-1998	entry	place[131]|place	giv[131]|new	_	_
28-13	1999-2000	.	_	_	_	_

#Text=Get around
29-1	2001-2004	Get	_	_	_	_
29-2	2005-2011	around	_	_	_	_

#Text=Many like the freedom of self-drive tours of Northern Ireland .
30-1	2012-2016	Many	_	_	_	_
30-2	2017-2021	like	_	_	_	_
30-3	2022-2025	the	abstract[133]	new[133]	_	_
30-4	2026-2033	freedom	abstract[133]	new[133]	_	_
30-5	2034-2036	of	abstract[133]	new[133]	_	_
30-6	2037-2047	self-drive	abstract[133]|event[134]	new[133]|new[134]	_	_
30-7	2048-2053	tours	abstract[133]|event[134]	new[133]|new[134]	_	_
30-8	2054-2056	of	abstract[133]|event[134]	new[133]|new[134]	_	_
30-9	2057-2065	Northern	abstract[133]|event[134]|place[135]	new[133]|new[134]|giv[135]	coref	32-14[146_135]
30-10	2066-2073	Ireland	abstract[133]|event[134]|place[135]	new[133]|new[134]|giv[135]	_	_
30-11	2074-2075	.	_	_	_	_

#Text=AA Route Planner is a good resource for planning your travel routes .
31-1	2076-2078	AA	abstract|abstract[138]	new|new[138]	coref|coref	31-5[139_138]|31-5[139_138]
31-2	2079-2084	Route	abstract|abstract[138]	new|new[138]	_	_
31-3	2085-2092	Planner	abstract[138]	new[138]	_	_
31-4	2093-2095	is	_	_	_	_
31-5	2096-2097	a	abstract[139]	giv[139]	_	_
31-6	2098-2102	good	abstract[139]	giv[139]	_	_
31-7	2103-2111	resource	abstract[139]	giv[139]	_	_
31-8	2112-2115	for	_	_	_	_
31-9	2116-2124	planning	_	_	_	_
31-10	2125-2129	your	person|abstract[142]	acc|new[142]	ana|ana	32-1|32-1
31-11	2130-2136	travel	abstract|abstract[142]	new|new[142]	_	_
31-12	2137-2143	routes	abstract[142]	new[142]	_	_
31-13	2144-2145	.	_	_	_	_

#Text=You drive on the left hand side of the well maintained roads in Northern Ireland .
32-1	2146-2149	You	person	giv	ana	33-3
32-2	2150-2155	drive	_	_	_	_
32-3	2156-2158	on	_	_	_	_
32-4	2159-2162	the	place[144]	new[144]	_	_
32-5	2163-2167	left	place[144]	new[144]	_	_
32-6	2168-2172	hand	place[144]	new[144]	_	_
32-7	2173-2177	side	place[144]	new[144]	_	_
32-8	2178-2180	of	place[144]	new[144]	_	_
32-9	2181-2184	the	place[144]|place[145]	new[144]|new[145]	_	_
32-10	2185-2189	well	place[144]|place[145]	new[144]|new[145]	_	_
32-11	2190-2200	maintained	place[144]|place[145]	new[144]|new[145]	_	_
32-12	2201-2206	roads	place[144]|place[145]	new[144]|new[145]	_	_
32-13	2207-2209	in	place[144]|place[145]	new[144]|new[145]	_	_
32-14	2210-2218	Northern	place[144]|place[145]|place[146]	new[144]|new[145]|giv[146]	coref	33-11[150_146]
32-15	2219-2226	Ireland	place[144]|place[145]|place[146]	new[144]|new[145]|giv[146]	_	_
32-16	2227-2228	.	_	_	_	_

#Text=For those you prefer to leave the car at home Northern Ireland has excellent bus services .
33-1	2229-2232	For	_	_	_	_
33-2	2233-2238	those	_	_	_	_
33-3	2239-2242	you	person	giv	ana	39-20
33-4	2243-2249	prefer	_	_	_	_
33-5	2250-2252	to	_	_	_	_
33-6	2253-2258	leave	_	_	_	_
33-7	2259-2262	the	object[148]	new[148]	_	_
33-8	2263-2266	car	object[148]	new[148]	_	_
33-9	2267-2269	at	_	_	_	_
33-10	2270-2274	home	place	new	_	_
33-11	2275-2283	Northern	place[150]	giv[150]	coref	38-11[0_150]
33-12	2284-2291	Ireland	place[150]	giv[150]	_	_
33-13	2292-2295	has	_	_	_	_
33-14	2296-2305	excellent	abstract[152]	giv[152]	coref	35-6[158_152]
33-15	2306-2309	bus	object|abstract[152]	new|giv[152]	coref	35-6
33-16	2310-2318	services	abstract[152]	giv[152]	_	_
33-17	2319-2320	.	_	_	_	_

#Text=Review
34-1	2321-2327	Review	abstract	new	_	_

#Text=Translink or Bus Eireann -(for bus services to and from Southern Ireland )
35-1	2328-2337	Translink	organization	new	_	_
35-2	2338-2340	or	_	_	_	_
35-3	2341-2344	Bus	person|organization[156]	new|new[156]	_	_
35-4	2345-2352	Eireann	organization[156]	new[156]	_	_
35-5	2353-2358	-(for	_	_	_	_
35-6	2359-2362	bus	abstract|abstract[158]	giv|giv[158]	_	_
35-7	2363-2371	services	abstract[158]	giv[158]	_	_
35-8	2372-2374	to	abstract[158]	giv[158]	_	_
35-9	2375-2378	and	abstract[158]	giv[158]	_	_
35-10	2379-2383	from	abstract[158]	giv[158]	_	_
35-11	2384-2392	Southern	abstract[158]|place[159]	giv[158]|new[159]	_	_
35-12	2393-2400	Ireland	abstract[158]|place[159]	giv[158]|new[159]	_	_
35-13	2401-2402	)	_	_	_	_

#Text=Buy
36-1	2403-2406	Buy	_	_	_	_

#Text=Pounds sterling ( £ ) is the local currency .
37-1	2407-2413	Pounds	person	new	ana	39-8
37-2	2414-2422	sterling	abstract	new	coref	37-7[162_0]
37-3	2423-2424	(	_	_	_	_
37-4	2425-2426	£	_	_	_	_
37-5	2427-2428	)	_	_	_	_
37-6	2429-2431	is	_	_	_	_
37-7	2432-2435	the	abstract[162]	giv[162]	coref	39-24[180_162]
37-8	2436-2441	local	abstract[162]	giv[162]	_	_
37-9	2442-2450	currency	abstract[162]	giv[162]	_	_
37-10	2451-2452	.	_	_	_	_

#Text=Due to the county 's proximity to the Republic of Ireland , Euros ( € ) are accepted by many retailers , but only notes , never coins .
38-1	2453-2456	Due	_	_	_	_
38-2	2457-2459	to	_	_	_	_
38-3	2460-2463	the	abstract[164]	new[164]	_	_
38-4	2464-2470	county	place[163]|abstract[164]	new[163]|new[164]	_	_
38-5	2471-2473	's	place[163]|abstract[164]	new[163]|new[164]	_	_
38-6	2474-2483	proximity	abstract[164]	new[164]	_	_
38-7	2484-2486	to	abstract[164]	new[164]	_	_
38-8	2487-2490	the	abstract[164]|place[165]	new[164]|new[165]	_	_
38-9	2491-2499	Republic	abstract[164]|place[165]	new[164]|new[165]	_	_
38-10	2500-2502	of	abstract[164]|place[165]	new[164]|new[165]	_	_
38-11	2503-2510	Ireland	abstract[164]|place[165]|place	new[164]|new[165]|giv	ana	39-15
38-12	2511-2512	,	_	_	_	_
38-13	2513-2518	Euros	object	new	_	_
38-14	2519-2520	(	_	_	_	_
38-15	2521-2522	€	_	_	_	_
38-16	2523-2524	)	_	_	_	_
38-17	2525-2528	are	_	_	_	_
38-18	2529-2537	accepted	_	_	_	_
38-19	2538-2540	by	_	_	_	_
38-20	2541-2545	many	place[168]|abstract[169]	new[168]|new[169]	coref|coref|coref|coref	39-1[172_168]|39-1[173_169]|39-1[172_168]|39-1[173_169]
38-21	2546-2555	retailers	place[168]|abstract[169]	new[168]|new[169]	_	_
38-22	2556-2557	,	abstract[169]	new[169]	_	_
38-23	2558-2561	but	abstract[169]	new[169]	_	_
38-24	2562-2566	only	abstract[169]|object[170]	new[169]|new[170]	appos	38-28[0_170]
38-25	2567-2572	notes	abstract[169]|object[170]	new[169]|new[170]	_	_
38-26	2573-2574	,	_	_	_	_
38-27	2575-2580	never	_	_	_	_
38-28	2581-2586	coins	object	giv	_	_
38-29	2587-2588	.	_	_	_	_

#Text=Most retailers and establishments will display if they accept Euro or not , but it is advisable to have your money changed to the local currency .
39-1	2589-2593	Most	place[172]|abstract[173]	giv[172]|giv[173]	_	_
39-2	2594-2603	retailers	place[172]|abstract[173]	giv[172]|giv[173]	_	_
39-3	2604-2607	and	abstract[173]	giv[173]	_	_
39-4	2608-2622	establishments	abstract[173]|place	giv[173]|new	_	_
39-5	2623-2627	will	_	_	_	_
39-6	2628-2635	display	_	_	_	_
39-7	2636-2638	if	_	_	_	_
39-8	2639-2643	they	person	giv	_	_
39-9	2644-2650	accept	_	_	_	_
39-10	2651-2655	Euro	person	new	_	_
39-11	2656-2658	or	_	_	_	_
39-12	2659-2662	not	_	_	_	_
39-13	2663-2664	,	_	_	_	_
39-14	2665-2668	but	_	_	_	_
39-15	2669-2671	it	place	giv	coref	60-7
39-16	2672-2674	is	_	_	_	_
39-17	2675-2684	advisable	_	_	_	_
39-18	2685-2687	to	_	_	_	_
39-19	2688-2692	have	_	_	_	_
39-20	2693-2697	your	person|object[179]	giv|new[179]	ana|ana	41-1|41-1
39-21	2698-2703	money	object[179]	new[179]	_	_
39-22	2704-2711	changed	_	_	_	_
39-23	2712-2714	to	_	_	_	_
39-24	2715-2718	the	object[180]	giv[180]	_	_
39-25	2719-2724	local	object[180]	giv[180]	_	_
39-26	2725-2733	currency	object[180]	giv[180]	_	_
39-27	2734-2735	.	_	_	_	_

#Text=Eat
40-1	2736-2739	Eat	_	_	_	_

#Text=You would look at spending about £5-7 on " pub grub " for lunch in a bar .
41-1	2740-2743	You	person	giv	ana	53-15
41-2	2744-2749	would	_	_	_	_
41-3	2750-2754	look	_	_	_	_
41-4	2755-2757	at	_	_	_	_
41-5	2758-2766	spending	_	_	_	_
41-6	2767-2772	about	_	_	_	_
41-7	2773-2777	£5-7	quantity	new	_	_
41-8	2778-2780	on	_	_	_	_
41-9	2781-2782	"	_	_	_	_
41-10	2783-2786	pub	place|object[184]	new|new[184]	_	_
41-11	2787-2791	grub	object[184]	new[184]	_	_
41-12	2792-2793	"	_	_	_	_
41-13	2794-2797	for	_	_	_	_
41-14	2798-2803	lunch	event[185]	new[185]	_	_
41-15	2804-2806	in	event[185]	new[185]	_	_
41-16	2807-2808	a	event[185]|place[186]	new[185]|new[186]	_	_
41-17	2809-2812	bar	event[185]|place[186]	new[185]|new[186]	_	_
41-18	2813-2814	.	_	_	_	_

#Text=Budget for about £20 for a main course meal in a mid price restaurant in the evenings .
42-1	2815-2821	Budget	organization[187]	new[187]	_	_
42-2	2822-2825	for	organization[187]	new[187]	_	_
42-3	2826-2831	about	organization[187]|quantity[188]	new[187]|new[188]	_	_
42-4	2832-2835	£20	organization[187]|quantity[188]	new[187]|new[188]	_	_
42-5	2836-2839	for	organization[187]	new[187]	_	_
42-6	2840-2841	a	organization[187]|object[190]	new[187]|new[190]	_	_
42-7	2842-2846	main	organization[187]|object[190]	new[187]|new[190]	_	_
42-8	2847-2853	course	organization[187]|event|object[190]	new[187]|new|new[190]	_	_
42-9	2854-2858	meal	organization[187]|object[190]	new[187]|new[190]	_	_
42-10	2859-2861	in	organization[187]	new[187]	_	_
42-11	2862-2863	a	organization[187]|place[192]	new[187]|new[192]	_	_
42-12	2864-2867	mid	organization[187]|place[192]	new[187]|new[192]	_	_
42-13	2868-2873	price	organization[187]|quantity|place[192]	new[187]|new|new[192]	_	_
42-14	2874-2884	restaurant	organization[187]|place[192]	new[187]|new[192]	_	_
42-15	2885-2887	in	organization[187]|place[192]	new[187]|new[192]	_	_
42-16	2888-2891	the	organization[187]|place[192]|time[193]	new[187]|new[192]|new[193]	_	_
42-17	2892-2900	evenings	organization[187]|place[192]|time[193]	new[187]|new[192]|new[193]	_	_
42-18	2901-2902	.	_	_	_	_

#Text=B&Bs and Guesthouses
43-1	2903-2907	B&Bs	place	new	coref	48-17
43-2	2908-2911	and	_	_	_	_
43-3	2912-2923	Guesthouses	place	new	coref	44-10[198_0]

#Text=There are a number of high quality B&Bs/family run guesthouses in Fermanagh to select from .
44-1	2924-2929	There	_	_	_	_
44-2	2930-2933	are	_	_	_	_
44-3	2934-2935	a	place[196]	new[196]	_	_
44-4	2936-2942	number	place[196]	new[196]	_	_
44-5	2943-2945	of	place[196]	new[196]	_	_
44-6	2946-2950	high	place[196]	new[196]	_	_
44-7	2951-2958	quality	place[196]	new[196]	_	_
44-8	2959-2970	B&Bs/family	place[196]|person	new[196]|new	_	_
44-9	2971-2974	run	_	_	_	_
44-10	2975-2986	guesthouses	place[198]	giv[198]	_	_
44-11	2987-2989	in	place[198]	giv[198]	_	_
44-12	2990-2999	Fermanagh	place[198]|place	giv[198]|giv	ana	46-7
44-13	3000-3002	to	_	_	_	_
44-14	3003-3009	select	_	_	_	_
44-15	3010-3014	from	_	_	_	_
44-16	3015-3016	.	_	_	_	_

#Text=Expect to pay around £20-30 per person on average .
45-1	3017-3023	Expect	_	_	_	_
45-2	3024-3026	to	_	_	_	_
45-3	3027-3030	pay	_	_	_	_
45-4	3031-3037	around	_	_	_	_
45-5	3038-3044	£20-30	quantity[200]	new[200]	_	_
45-6	3045-3048	per	quantity[200]	new[200]	_	_
45-7	3049-3055	person	quantity[200]|person	new[200]|new	_	_
45-8	3056-3058	on	_	_	_	_
45-9	3059-3066	average	_	_	_	_
45-10	3067-3068	.	_	_	_	_

#Text=With over 58 properties on offer this is the preferred method of accommodation for most visiting Fermanagh looking for value .
46-1	3069-3073	With	_	_	_	_
46-2	3074-3078	over	abstract[202]	new[202]	_	_
46-3	3079-3081	58	abstract[202]	new[202]	_	_
46-4	3082-3092	properties	abstract[202]	new[202]	_	_
46-5	3093-3095	on	_	_	_	_
46-6	3096-3101	offer	_	_	_	_
46-7	3102-3106	this	place	giv	coref	46-15[206_0]
46-8	3107-3109	is	_	_	_	_
46-9	3110-3113	the	abstract[204]	new[204]	_	_
46-10	3114-3123	preferred	abstract[204]	new[204]	_	_
46-11	3124-3130	method	abstract[204]	new[204]	_	_
46-12	3131-3133	of	abstract[204]	new[204]	_	_
46-13	3134-3147	accommodation	abstract[204]|abstract[205]	new[204]|new[205]	_	_
46-14	3148-3151	for	abstract[204]|abstract[205]	new[204]|new[205]	_	_
46-15	3152-3156	most	abstract[204]|abstract[205]|place[206]	new[204]|new[205]|giv[206]	coref	51-9[0_206]
46-16	3157-3165	visiting	abstract[204]|abstract[205]|place[206]	new[204]|new[205]|giv[206]	_	_
46-17	3166-3175	Fermanagh	abstract[204]|abstract[205]|place[206]	new[204]|new[205]|giv[206]	_	_
46-18	3176-3183	looking	_	_	_	_
46-19	3184-3187	for	_	_	_	_
46-20	3188-3193	value	abstract	new	_	_
46-21	3194-3195	.	_	_	_	_

#Text=Hostels
47-1	3196-3203	Hostels	place	new	coref	48-7

#Text=For those on a budget , hostels are a cheaper option but have less coverage than B&Bs .
48-1	3204-3207	For	_	_	_	_
48-2	3208-3213	those	_	_	_	_
48-3	3214-3216	on	_	_	_	_
48-4	3217-3218	a	abstract[209]	new[209]	_	_
48-5	3219-3225	budget	abstract[209]	new[209]	_	_
48-6	3226-3227	,	_	_	_	_
48-7	3228-3235	hostels	place	giv	coref	48-9[211_0]
48-8	3236-3239	are	_	_	_	_
48-9	3240-3241	a	place[211]	giv[211]	coref	49-3[214_211]
48-10	3242-3249	cheaper	place[211]	giv[211]	_	_
48-11	3250-3256	option	place[211]	giv[211]	_	_
48-12	3257-3260	but	_	_	_	_
48-13	3261-3265	have	_	_	_	_
48-14	3266-3270	less	abstract[212]	new[212]	_	_
48-15	3271-3279	coverage	abstract[212]	new[212]	_	_
48-16	3280-3284	than	abstract[212]	new[212]	_	_
48-17	3285-3289	B&Bs	abstract[212]|abstract	new[212]|giv	_	_
48-18	3290-3291	.	_	_	_	_

#Text=There are only 4 hostels - The Bridges Youth Hostel , Lough Melvin Holiday Centre , Tir Navar and Share Centre .
49-1	3292-3297	There	_	_	_	_
49-2	3298-3301	are	_	_	_	_
49-3	3302-3306	only	place[214]	giv[214]	_	_
49-4	3307-3308	4	place[214]	giv[214]	_	_
49-5	3309-3316	hostels	place[214]	giv[214]	_	_
49-6	3317-3318	-	_	_	_	_
49-7	3319-3322	The	place[217]	new[217]	_	_
49-8	3323-3330	Bridges	person|place[217]	new|new[217]	_	_
49-9	3331-3336	Youth	person|place[217]	new|new[217]	_	_
49-10	3337-3343	Hostel	place[217]	new[217]	_	_
49-11	3344-3345	,	_	_	_	_
49-12	3346-3351	Lough	person|place[221]	giv|new[221]	coref|coref	49-17[225_221]|49-17[225_221]
49-13	3352-3358	Melvin	person|place[221]	new|new[221]	_	_
49-14	3359-3366	Holiday	place|place[221]	new|new[221]	coref	52-1
49-15	3367-3373	Centre	place[221]	new[221]	_	_
49-16	3374-3375	,	_	_	_	_
49-17	3376-3379	Tir	abstract|place[223]|place[225]	new|new[223]|giv[225]	_	_
49-18	3380-3385	Navar	place[223]|place[225]	new[223]|giv[225]	_	_
49-19	3386-3389	and	place[225]	giv[225]	_	_
49-20	3390-3395	Share	person|place[225]	new|giv[225]	_	_
49-21	3396-3402	Centre	place[225]	giv[225]	_	_
49-22	3403-3404	.	_	_	_	_

#Text=Hotels
50-1	3405-3411	Hotels	place	new	coref	51-3[227_0]

#Text=There are only about 11 hotels operating in Fermanagh , ranging from 2 to 4 star
51-1	3412-3417	There	_	_	_	_
51-2	3418-3421	are	_	_	_	_
51-3	3422-3426	only	place[227]	giv[227]	_	_
51-4	3427-3432	about	place[227]	giv[227]	_	_
51-5	3433-3435	11	place[227]	giv[227]	_	_
51-6	3436-3442	hotels	place[227]	giv[227]	_	_
51-7	3443-3452	operating	_	_	_	_
51-8	3453-3455	in	_	_	_	_
51-9	3456-3465	Fermanagh	place	giv	coref	55-7
51-10	3466-3467	,	_	_	_	_
51-11	3468-3475	ranging	_	_	_	_
51-12	3476-3480	from	_	_	_	_
51-13	3481-3482	2	quantity	new	_	_
51-14	3483-3485	to	_	_	_	_
51-15	3486-3487	4	object[230]	new[230]	_	_
51-16	3488-3492	star	object[230]	new[230]	_	_

#Text=Holiday rentals
52-1	3493-3500	Holiday	place|abstract[232]	giv|new[232]	_	_
52-2	3501-3508	rentals	abstract[232]	new[232]	_	_

#Text=For groups and larger families there are over 180 self-catering choices on offer so you will be spoilt for choice .
53-1	3509-3512	For	_	_	_	_
53-2	3513-3519	groups	person	new	_	_
53-3	3520-3523	and	_	_	_	_
53-4	3524-3530	larger	person[234]	new[234]	_	_
53-5	3531-3539	families	person[234]	new[234]	_	_
53-6	3540-3545	there	_	_	_	_
53-7	3546-3549	are	_	_	_	_
53-8	3550-3554	over	abstract[235]	new[235]	_	_
53-9	3555-3558	180	abstract[235]	new[235]	_	_
53-10	3559-3572	self-catering	abstract[235]	new[235]	_	_
53-11	3573-3580	choices	abstract[235]	new[235]	_	_
53-12	3581-3583	on	abstract[235]	new[235]	_	_
53-13	3584-3589	offer	abstract[235]	new[235]	_	_
53-14	3590-3592	so	abstract[235]	new[235]	_	_
53-15	3593-3596	you	abstract[235]|person	new[235]|giv	ana	55-1
53-16	3597-3601	will	abstract[235]	new[235]	_	_
53-17	3602-3604	be	abstract[235]	new[235]	_	_
53-18	3605-3611	spoilt	abstract[235]	new[235]	_	_
53-19	3612-3615	for	_	_	_	_
53-20	3616-3622	choice	abstract	new	_	_
53-21	3623-3624	.	_	_	_	_

#Text=Stay safe
54-1	3625-3629	Stay	_	_	_	_
54-2	3630-3634	safe	_	_	_	_

#Text=You be surprised to hear that Fermanagh has the second lowest crime rate in Europe .
55-1	3635-3638	You	person	giv	_	_
55-2	3639-3641	be	_	_	_	_
55-3	3642-3651	surprised	_	_	_	_
55-4	3652-3654	to	_	_	_	_
55-5	3655-3659	hear	_	_	_	_
55-6	3660-3664	that	_	_	_	_
55-7	3665-3674	Fermanagh	place	giv	coref	56-14
55-8	3675-3678	has	_	_	_	_
55-9	3679-3682	the	abstract[241]	new[241]	_	_
55-10	3683-3689	second	abstract[241]	new[241]	_	_
55-11	3690-3696	lowest	abstract[241]	new[241]	_	_
55-12	3697-3702	crime	event|abstract[241]	new|new[241]	_	_
55-13	3703-3707	rate	abstract[241]	new[241]	_	_
55-14	3708-3710	in	abstract[241]	new[241]	_	_
55-15	3711-3717	Europe	abstract[241]|place	new[241]|new	_	_
55-16	3718-3719	.	_	_	_	_

#Text=Even during the height of the " troubles " and civil rights movement Fermanagh tourist attractions were hardly affected .
56-1	3720-3724	Even	quantity[243]	new[243]	_	_
56-2	3725-3731	during	quantity[243]	new[243]	_	_
56-3	3732-3735	the	quantity[243]	new[243]	_	_
56-4	3736-3742	height	quantity[243]	new[243]	_	_
56-5	3743-3745	of	quantity[243]	new[243]	_	_
56-6	3746-3749	the	quantity[243]|abstract[244]	new[243]|new[244]	_	_
56-7	3750-3751	"	quantity[243]|abstract[244]	new[243]|new[244]	_	_
56-8	3752-3760	troubles	quantity[243]|abstract[244]	new[243]|new[244]	_	_
56-9	3761-3762	"	quantity[243]|abstract[244]	new[243]|new[244]	_	_
56-10	3763-3766	and	quantity[243]	new[243]	_	_
56-11	3767-3772	civil	quantity[243]|event[246]	new[243]|new[246]	_	_
56-12	3773-3779	rights	quantity[243]|abstract|event[246]	new[243]|new|new[246]	_	_
56-13	3780-3788	movement	quantity[243]|event[246]	new[243]|new[246]	_	_
56-14	3789-3798	Fermanagh	place|abstract[249]	giv|new[249]	_	_
56-15	3799-3806	tourist	person|abstract[249]	new|new[249]	_	_
56-16	3807-3818	attractions	abstract[249]	new[249]	_	_
56-17	3819-3823	were	_	_	_	_
56-18	3824-3830	hardly	_	_	_	_
56-19	3831-3839	affected	_	_	_	_
56-20	3840-3841	.	_	_	_	_

#Text=The unrest of the 70s and 80s have become a thing of the past in recent years .
57-1	3842-3845	The	abstract[250]	new[250]	_	_
57-2	3846-3852	unrest	abstract[250]	new[250]	_	_
57-3	3853-3855	of	abstract[250]	new[250]	_	_
57-4	3856-3859	the	abstract[250]|time[251]	new[250]|new[251]	_	_
57-5	3860-3863	70s	abstract[250]|time[251]	new[250]|new[251]	_	_
57-6	3864-3867	and	abstract[250]	new[250]	_	_
57-7	3868-3871	80s	abstract[250]|time	new[250]|new	_	_
57-8	3872-3876	have	_	_	_	_
57-9	3877-3883	become	_	_	_	_
57-10	3884-3885	a	_	_	_	_
57-11	3886-3891	thing	_	_	_	_
57-12	3892-3894	of	_	_	_	_
57-13	3895-3898	the	time[253]	new[253]	_	_
57-14	3899-3903	past	time[253]	new[253]	_	_
57-15	3904-3906	in	time[253]	new[253]	_	_
57-16	3907-3913	recent	time[253]|time[254]	new[253]|new[254]	_	_
57-17	3914-3919	years	time[253]|time[254]	new[253]|new[254]	_	_
57-18	3920-3921	.	_	_	_	_

#Text=Go next
58-1	3922-3924	Go	_	_	_	_
58-2	3925-3929	next	_	_	_	_

#Text=North East to County Tyrone
59-1	3930-3935	North	place|place[256]	new|new[256]	_	_
59-2	3936-3940	East	place[256]	new[256]	_	_
59-3	3941-3943	to	place[256]	new[256]	_	_
59-4	3944-3950	County	place[256]|place	new[256]|giv	coref	60-4
59-5	3951-3957	Tyrone	place[256]|place	new[256]|new	_	_

#Text=North West to County Donegal , Ireland
60-1	3958-3963	North	person[259]	new[259]	_	_
60-2	3964-3968	West	person[259]	new[259]	_	_
60-3	3969-3971	to	person[259]	new[259]	_	_
60-4	3972-3978	County	person[259]|place|place[261]	new[259]|giv|new[261]	coref|coref	61-4|61-4
60-5	3979-3986	Donegal	person[259]|place[261]	new[259]|new[261]	_	_
60-6	3987-3988	,	person[259]|place[261]	new[259]|new[261]	_	_
60-7	3989-3996	Ireland	person[259]|place[261]|place	new[259]|new[261]|giv	coref	61-7

#Text=South East to County Monaghan , Ireland
61-1	3997-4002	South	person[263]	new[263]	_	_
61-2	4003-4007	East	person[263]	new[263]	_	_
61-3	4008-4010	to	person[263]	new[263]	_	_
61-4	4011-4017	County	person[263]|place|place[265]	new[263]|giv|new[265]	coref|coref	62-4|62-4
61-5	4018-4026	Monaghan	person[263]|place[265]	new[263]|new[265]	_	_
61-6	4027-4028	,	person[263]|place[265]	new[263]|new[265]	_	_
61-7	4029-4036	Ireland	person[263]|place[265]|place	new[263]|new[265]|giv	coref	62-7

#Text=South West to County Leitrim , Ireland
62-1	4037-4042	South	person[267]	new[267]	_	_
62-2	4043-4047	West	person[267]	new[267]	_	_
62-3	4048-4050	to	person[267]	new[267]	_	_
62-4	4051-4057	County	person[267]|place|place[269]	new[267]|giv|new[269]	coref|coref	63-3|63-3
62-5	4058-4065	Leitrim	person[267]|place[269]	new[267]|new[269]	_	_
62-6	4066-4067	,	person[267]|place[269]	new[267]|new[269]	_	_
62-7	4068-4075	Ireland	person[267]|place[269]|place	new[267]|new[269]|giv	coref	63-6

#Text=South to County Cavan , Ireland
63-1	4076-4081	South	place[271]	new[271]	_	_
63-2	4082-4084	to	place[271]	new[271]	_	_
63-3	4085-4091	County	place[271]|place|place[273]	new[271]|giv|new[273]	_	_
63-4	4092-4097	Cavan	place[271]|place[273]	new[271]|new[273]	_	_
63-5	4098-4099	,	place[271]|place[273]	new[271]|new[273]	_	_
63-6	4100-4107	Ireland	place[271]|place[273]|place	new[271]|new[273]|giv	_	_
